0.0 -87036.0 2374.0 2945.0 2214.0 2333.0 -848.0 -242.0 -422.0 -60.0 -111.0 -259.0 -89.0 -210.0 34.0 -58.0 -84.0 -40.0 111.0 61.0 19.0 -36.0 34.0 -74.0 11.0 21.0 3.0 10.0 9.0 -1.0 -7.0 -28.0 -12.0 9.0 20.0 9.0 18.0 -3.0 -35.0 2.0 -6.0 4.0 -9.0 -5.0 0.0 -2.0 -11.0 -13.0 18.0 -8.0 -3.0 -9.0 -5.0 16.0 -3.0 -1.0 -1.0 0.0 17.0 10.0 7.0 21.0 -2.0 23.0 1.0 20.0 17.0 2.0 11.0 -3.0 36.0 -8.0 -28.0 -37.0 -45.0 -5.0 11.0 -25.0 -58.0 -38.0 15.0 -19.0 63.0 -58.0 79.0 104.0 118.0 -77.0 -277.0 -115.0 35.0 235.0 -233.0 -153.0 279.0 580.0 -1286.0 -3439.0 -9405.0 -23156.0
-87036.0 0.0 42629.0 -23028.0 -2014.0 2737.0 777.0 -331.0 358.0 38.0 31.0 -44.0 161.0 57.0 130.0 -37.0 -94.0 -25.0 -99.0 -11.0 9.0 19.0 -31.0 -17.0 21.0 26.0 15.0 28.0 59.0 20.0 -11.0 2.0 -16.0 -8.0 -28.0 -2.0 -8.0 6.0 -14.0 10.0 16.0 -4.0 -3.0 -9.0 4.0 -28.0 9.0 0.0 -2.0 17.0 -1.0 -6.0 3.0 -7.0 3.0 4.0 15.0 -25.0 2.0 9.0 9.0 17.0 7.0 1.0 12.0 9.0 8.0 -5.0 5.0 19.0 14.0 11.0 -12.0 -36.0 9.0 34.0 -1.0 -29.0 14.0 -21.0 -72.0 66.0 -8.0 39.0 74.0 131.0 -37.0 -37.0 18.0 -68.0 -89.0 -277.0 278.0 399.0 -819.0 203.0 -185.0 -4208.0 730.0 5370.0
2374.0 42629.0 0.0 -10120.0 -6863.0 -5075.0 -1585.0 -401.0 -739.0 -337.0 -37.0 461.0 190.0 109.0 61.0 -95.0 -143.0 151.0 -45.0 86.0 26.0 26.0 -100.0 40.0 -3.0 -35.0 -70.0 -31.0 70.0 1.0 32.0 44.0 -6.0 36.0 4.0 15.0 -1.0 -3.0 4.0 -18.0 -10.0 -34.0 -4.0 -7.0 1.0 10.0 14.0 -11.0 21.0 9.0 8.0 -10.0 -1.0 -1.0 14.0 10.0 4.0 8.0 -1.0 7.0 7.0 25.0 17.0 26.0 6.0 26.0 -1.0 16.0 6.0 -19.0 -7.0 -8.0 55.0 27.0 26.0 -13.0 14.0 15.0 5.0 3.0 -1.0 -56.0 55.0 45.0 13.0 68.0 -2.0 -34.0 99.0 -65.0 -176.0 29.0 -162.0 103.0 94.0 -179.0 209.0 3029.0 -849.0 -1037.0
2945.0 -23028.0 -10120.0 0.0 -70424.0 1436.0 4513.0 -4838.0 -383.0 1076.0 638.0 -172.0 637.0 53.0 -168.0 -29.0 -22.0 -18.0 -42.0 -163.0 -70.0 78.0 -10.0 42.0 -69.0 78.0 -17.0 0.0 -10.0 -23.0 8.0 1.0 -26.0 -25.0 36.0 14.0 -33.0 25.0 18.0 22.0 7.0 0.0 18.0 -7.0 -12.0 7.0 -20.0 18.0 -8.0 6.0 -7.0 31.0 7.0 -10.0 -17.0 -3.0 -1.0 12.0 25.0 -3.0 19.0 25.0 10.0 -4.0 4.0 7.0 -10.0 -31.0 6.0 -8.0 13.0 6.0 16.0 4.0 14.0 -11.0 -20.0 -4.0 -21.0 -8.0 29.0 46.0 22.0 -14.0 50.0 -57.0 -134.0 -21.0 -94.0 -76.0 91.0 -164.0 -258.0 136.0 -377.0 205.0 90.0 475.0 504.0 -1787.0
2214.0 -2014.0 -6863.0 -70424.0 0.0 50086.0 5413.0 2826.0 -311.0 -1246.0 -462.0 -44.0 88.0 -20.0 -161.0 176.0 -332.0 22.0 -141.0 8.0 3.0 1.0 27.0 92.0 17.0 60.0 46.0 72.0 -17.0 -27.0 -19.0 40.0 -27.0 0.0 29.0 21.0 -5.0 -12.0 6.0 6.0 -15.0 5.0 -8.0 25.0 5.0 -11.0 -2.0 -8.0 -1.0 24.0 14.0 1.0 -3.0 2.0 -7.0 2.0 -8.0 -14.0 -16.0 6.0 16.0 34.0 3.0 5.0 -7.0 3.0 4.0 2.0 -17.0 6.0 -28.0 2.0 -21.0 34.0 39.0 -14.0 -55.0 -13.0 -34.0 50.0 14.0 55.0 59.0 -36.0 44.0 109.0 -64.0 35.0 -11.0 -37.0 45.0 -24.0 1.0 -130.0 -47.0 66.0 -167.0 -537.0 1469.0 1450.0
2333.0 2737.0 -5075.0 1436.0 50086.0 0.0 -74369.0 -18073.0 7196.0 3202.0 -936.0 -894.0 -294.0 330.0 108.0 392.0 -429.0 2.0 91.0 127.0 -107.0 52.0 82.0 41.0 25.0 28.0 -21.0 25.0 20.0 -2.0 19.0 28.0 22.0 8.0 22.0 -13.0 -13.0 13.0 2.0 9.0 21.0 -8.0 13.0 3.0 21.0 3.0 -16.0 -12.0 2.0 7.0 9.0 -11.0 -5.0 -5.0 27.0 5.0 7.0 -2.0 -3.0 -5.0 -5.0 9.0 0.0 -33.0 -36.0 4.0 18.0 -7.0 -5.0 12.0 15.0 -5.0 25.0 -1.0 9.0 14.0 6.0 -7.0 54.0 9.0 1.0 -42.0 -29.0 -19.0 -19.0 74.0 94.0 5.0 -140.0 107.0 -20.0 3.0 191.0 151.0 -115.0 -213.0 26.0 -178.0 287.0 306.0
-848.0 777.0 -1585.0 4513.0 5413.0 -74369.0 0.0 -34683.0 -2402.0 588.0 -421.0 -483.0 -674.0 12.0 368.0 179.0 185.0 297.0 78.0 -125.0 149.0 -29.0 24.0 -54.0 -8.0 -20.0 -59.0 -15.0 -5.0 -21.0 -8.0 -1.0 1.0 -4.0 12.0 -9.0 -1.0 9.0 -15.0 -22.0 8.0 39.0 21.0 3.0 12.0 0.0 -5.0 -8.0 19.0 11.0 14.0 0.0 -10.0 18.0 -8.0 -2.0 11.0 33.0 4.0 -6.0 15.0 11.0 6.0 -3.0 -6.0 2.0 -19.0 5.0 -5.0 10.0 -6.0 13.0 12.0 15.0 -19.0 8.0 28.0 -27.0 -19.0 9.0 -3.0 19.0 -41.0 76.0 -27.0 -91.0 0.0 116.0 39.0 -45.0 80.0 -17.0 -53.0 -118.0 32.0 215.0 -334.0 -100.0 598.0 506.0
-242.0 -331.0 -401.0 -4838.0 2826.0 -18073.0 -34683.0 0.0 102788.0 5584.0 -2762.0 1056.0 1090.0 -2096.0 74.0 681.0 251.0 -172.0 36.0 -101.0 116.0 42.0 49.0 87.0 30.0 -73.0 38.0 11.0 31.0 -37.0 -1.0 2.0 0.0 1.0 19.0 -38.0 -14.0 9.0 9.0 13.0 3.0 -14.0 1.0 -8.0 -21.0 -3.0 24.0 -21.0 -12.0 17.0 0.0 -7.0 13.0 39.0 22.0 -11.0 15.0 12.0 -16.0 6.0 -6.0 12.0 29.0 -6.0 28.0 -11.0 -10.0 3.0 27.0 3.0 -16.0 19.0 15.0 -13.0 -37.0 18.0 9.0 -12.0 52.0 12.0 10.0 21.0 -16.0 26.0 26.0 -17.0 30.0 -31.0 -12.0 0.0 -2.0 -11.0 19.0 -25.0 -90.0 -159.0 509.0 -297.0 -188.0 -720.0
-422.0 358.0 -739.0 -383.0 -311.0 7196.0 -2402.0 102788.0 0.0 -111743.0 36231.0 1540.0 3387.0 1140.0 249.0 -692.0 123.0 -801.0 301.0 141.0 22.0 48.0 -138.0 -47.0 -109.0 0.0 -29.0 -37.0 -12.0 45.0 -58.0 -2.0 -44.0 28.0 -18.0 27.0 1.0 -44.0 26.0 20.0 -38.0 -22.0 -8.0 -30.0 4.0 7.0 -11.0 2.0 0.0 14.0 -6.0 13.0 9.0 15.0 16.0 4.0 -3.0 18.0 13.0 13.0 -12.0 -4.0 -15.0 3.0 -8.0 2.0 19.0 13.0 -4.0 20.0 5.0 7.0 -8.0 16.0 -18.0 -6.0 -2.0 38.0 5.0 -6.0 -5.0 44.0 -35.0 -71.0 17.0 12.0 35.0 5.0 -52.0 82.0 30.0 23.0 105.0 15.0 64.0 -68.0 120.0 -308.0 23.0 -80.0
-60.0 38.0 -337.0 1076.0 -1246.0 3202.0 588.0 5584.0 -111743.0 0.0 41376.0 -4525.0 2677.0 -2358.0 -2477.0 547.0 413.0 126.0 307.0 179.0 -112.0 -50.0 21.0 -64.0 -126.0 126.0 -26.0 -1.0 -2.0 39.0 59.0 7.0 16.0 58.0 -4.0 5.0 -24.0 -25.0 34.0 10.0 -8.0 24.0 0.0 -7.0 -27.0 11.0 -4.0 16.0 -14.0 -22.0 -25.0 -4.0 -8.0 11.0 17.0 8.0 33.0 -14.0 -1.0 -21.0 -12.0 2.0 11.0 -9.0 -3.0 21.0 -7.0 -18.0 -7.0 9.0 -6.0 -8.0 -18.0 -12.0 -9.0 1.0 -22.0 18.0 5.0 -18.0 34.0 -12.0 1.0 -37.0 25.0 -1.0 19.0 41.0 -6.0 8.0 90.0 -77.0 -6.0 -16.0 -34.0 10.0 124.0 184.0 -120.0 -36.0
-111.0 31.0 -37.0 638.0 -462.0 -936.0 -421.0 -2762.0 36231.0 41376.0 0.0 -141787.0 -14069.0 5931.0 821.0 -989.0 181.0 -328.0 890.0 529.0 432.0 -205.0 188.0 -54.0 30.0 -53.0 -3.0 8.0 3.0 -17.0 43.0 -80.0 -19.0 -36.0 -56.0 56.0 24.0 14.0 15.0 -28.0 28.0 37.0 -38.0 -8.0 2.0 15.0 14.0 -3.0 -3.0 10.0 -4.0 -4.0 -2.0 -30.0 -6.0 -4.0 21.0 7.0 9.0 -3.0 -8.0 -18.0 -10.0 -6.0 0.0 -6.0 -3.0 -3.0 0.0 17.0 -14.0 -7.0 31.0 -32.0 -3.0 -13.0 13.0 -25.0 32.0 15.0 -10.0 1.0 25.0 -1.0 -10.0 3.0 39.0 26.0 37.0 -28.0 57.0 -77.0 16.0 47.0 -40.0 -34.0 20.0 -60.0 -197.0 242.0
-259.0 -44.0 461.0 -172.0 -44.0 -894.0 -483.0 1056.0 1540.0 -4525.0 -141787.0 0.0 -102190.0 4430.0 -5750.0 -4687.0 -153.0 568.0 -527.0 -165.0 -330.0 521.0 -174.0 -141.0 -212.0 102.0 -71.0 -3.0 -53.0 -74.0 -33.0 -18.0 -45.0 -18.0 3.0 10.0 15.0 13.0 -17.0 -9.0 4.0 -27.0 3.0 -14.0 -19.0 -10.0 8.0 6.0 -4.0 -13.0 -13.0 0.0 4.0 -34.0 -12.0 22.0 4.0 -9.0 -4.0 12.0 -5.0 2.0 -25.0 -23.0 -2.0 13.0 4.0 25.0 8.0 8.0 0.0 25.0 -15.0 -2.0 -21.0 8.0 -17.0 19.0 -16.0 33.0 -37.0 1.0 52.0 15.0 17.0 0.0 -44.0 10.0 -86.0 53.0 61.0 61.0 20.0 86.0 -32.0 7.0 17.0 -125.0 -6.0 358.0
-89.0 161.0 190.0 637.0 88.0 -294.0 -674.0 1090.0 3387.0 2677.0 -14069.0 -102190.0 0.0 -8644.0 -2364.0 4382.0 945.0 -523.0 -694.0 -297.0 371.0 -217.0 -20.0 -332.0 -399.0 38.0 19.0 -39.0 86.0 -145.0 -2.0 5.0 -20.0 -44.0 10.0 -33.0 60.0 -31.0 1.0 31.0 -8.0 -11.0 -11.0 -21.0 10.0 25.0 -21.0 16.0 16.0 -16.0 -6.0 -2.0 -19.0 18.0 -12.0 3.0 16.0 -15.0 9.0 -3.0 -10.0 22.0 3.0 6.0 -12.0 -6.0 13.0 2.0 19.0 13.0 3.0 -2.0 -19.0 -7.0 12.0 11.0 6.0 -13.0 24.0 8.0 -29.0 -16.0 25.0 -14.0 28.0 -3.0 -8.0 -56.0 -4.0 -2.0 -48.0 24.0 -44.0 106.0 63.0 -26.0 81.0 -23.0 86.0 -136.0
-210.0 57.0 109.0 53.0 -20.0 330.0 12.0 -2096.0 1140.0 -2358.0 5931.0 4430.0 -8644.0 0.0 59441.0 -15899.0 -4170.0 -1610.0 836.0 -146.0 -382.0 388.0 247.0 109.0 -7.0 69.0 -78.0 100.0 -83.0 -104.0 3.0 125.0 80.0 -4.0 -14.0 -54.0 52.0 -43.0 15.0 -5.0 38.0 -24.0 4.0 -6.0 29.0 27.0 11.0 14.0 16.0 -14.0 1.0 -1.0 2.0 -20.0 5.0 1.0 21.0 -25.0 3.0 -3.0 -4.0 -3.0 8.0 3.0 5.0 0.0 -2.0 7.0 -6.0 6.0 7.0 12.0 -2.0 15.0 17.0 -19.0 2.0 -23.0 -14.0 -13.0 25.0 22.0 -11.0 0.0 -30.0 23.0 -34.0 9.0 -68.0 -33.0 1.0 23.0 -35.0 16.0 -57.0 21.0 60.0 -56.0 40.0 -104.0
34.0 130.0 61.0 -168.0 -161.0 108.0 368.0 74.0 249.0 -2477.0 821.0 -5750.0 -2364.0 59441.0 0.0 -57076.0 -6876.0 -1428.0 -2369.0 251.0 632.0 390.0 -31.0 203.0 -142.0 14.0 -46.0 -27.0 -40.0 -101.0 -76.0 -56.0 12.0 21.0 56.0 70.0 62.0 41.0 -12.0 4.0 46.0 9.0 -5.0 6.0 -18.0 -4.0 -22.0 31.0 15.0 -13.0 -18.0 13.0 -16.0 17.0 -6.0 -16.0 -15.0 -6.0 -16.0 -4.0 -11.0 -11.0 -10.0 13.0 -1.0 -9.0 23.0 6.0 -11.0 12.0 0.0 10.0 5.0 19.0 -2.0 -11.0 -10.0 13.0 8.0 10.0 -21.0 6.0 12.0 -14.0 9.0 -24.0 14.0 14.0 -2.0 -5.0 1.0 -45.0 -73.0 10.0 20.0 69.0 -75.0 54.0 -40.0 -68.0
-58.0 -37.0 -95.0 -29.0 176.0 392.0 179.0 681.0 -692.0 547.0 -989.0 -4687.0 4382.0 -15899.0 -57076.0 0.0 37244.0 -28758.0 8418.0 305.0 1754.0 1044.0 -34.0 265.0 -181.0 -26.0 270.0 -190.0 70.0 -145.0 177.0 -18.0 9.0 -23.0 -52.0 -88.0 19.0 -37.0 -17.0 -3.0 -26.0 -75.0 -9.0 -13.0 -1.0 -28.0 -7.0 1.0 7.0 -29.0 -26.0 27.0 -8.0 4.0 25.0 -16.0 4.0 15.0 7.0 26.0 -11.0 2.0 -15.0 17.0 -7.0 -6.0 2.0 9.0 -22.0 -8.0 -2.0 12.0 -13.0 5.0 3.0 -22.0 -9.0 -1.0 5.0 15.0 6.0 2.0 25.0 -17.0 -12.0 26.0 1.0 5.0 -48.0 23.0 35.0 97.0 -5.0 -59.0 -26.0 62.0 -33.0 37.0 123.0 -80.0
-84.0 -94.0 -143.0 -22.0 -332.0 -429.0 185.0 251.0 123.0 413.0 181.0 -153.0 945.0 -4170.0 -6876.0 37244.0 0.0 -24710.0 28719.0 -4382.0 4103.0 808.0 279.0 -44.0 -158.0 494.0 -441.0 -106.0 -33.0 -34.0 109.0 -32.0 60.0 -27.0 -65.0 -12.0 30.0 -70.0 36.0 11.0 50.0 24.0 31.0 52.0 -4.0 31.0 -23.0 29.0 14.0 -11.0 20.0 22.0 -13.0 22.0 14.0 -6.0 12.0 7.0 17.0 -6.0 -11.0 18.0 -5.0 1.0 20.0 -6.0 -5.0 -2.0 14.0 4.0 -8.0 31.0 -23.0 -3.0 29.0 -11.0 -14.0 22.0 -21.0 3.0 7.0 -24.0 25.0 3.0 -15.0 -4.0 -9.0 9.0 -2.0 -16.0 16.0 -31.0 34.0 39.0 -20.0 -10.0 -79.0 14.0 -35.0 -21.0
-40.0 -25.0 151.0 -18.0 22.0 2.0 297.0 -172.0 -801.0 126.0 -328.0 568.0 -523.0 -1610.0 -1428.0 -28758.0 -24710.0 0.0 12500.0 16772.0 -4494.0 -3095.0 483.0 -143.0 117.0 274.0 -173.0 16.0 -145.0 -113.0 32.0 -19.0 62.0 -8.0 13.0 -12.0 -106.0 -14.0 -32.0 2.0 5.0 15.0 9.0 -8.0 11.0 15.0 44.0 -28.0 29.0 -13.0 -5.0 -22.0 -26.0 15.0 -12.0 -8.0 1.0 -1.0 -1.0 26.0 -6.0 7.0 9.0 5.0 -3.0 13.0 2.0 -12.0 20.0 11.0 12.0 -4.0 -7.0 10.0 -5.0 -14.0 17.0 -14.0 1.0 -4.0 -11.0 7.0 -44.0 21.0 -12.0 8.0 1.0 -24.0 -5.0 15.0 -1.0 -39.0 -21.0 -4.0 -72.0 17.0 4.0 -36.0 -23.0 29.0
111.0 -99.0 -45.0 -42.0 -141.0 91.0 78.0 36.0 301.0 307.0 890.0 -527.0 -694.0 836.0 -2369.0 8418.0 28719.0 12500.0 0.0 123177.0 5712.0 -2474.0 -259.0 -798.0 595.0 327.0 144.0 -22.0 -22.0 261.0 23.0 119.0 135.0 109.0 -11.0 134.0 13.0 -124.0 17.0 -61.0 11.0 4.0 -74.0 35.0 -24.0 -12.0 16.0 4.0 25.0 3.0 25.0 -5.0 -21.0 -7.0 1.0 -1.0 42.0 -5.0 34.0 -6.0 5.0 16.0 -2.0 -5.0 -11.0 -3.0 -7.0 10.0 0.0 -14.0 3.0 -33.0 12.0 10.0 -20.0 4.0 4.0 -12.0 24.0 -2.0 -4.0 -13.0 -7.0 -7.0 -1.0 8.0 -13.0 -14.0 30.0 -47.0 -2.0 45.0 -19.0 7.0 44.0 -10.0 65.0 77.0 28.0 -19.0
61.0 -11.0 86.0 -163.0 8.0 127.0 -125.0 -101.0 141.0 179.0 529.0 -165.0 -297.0 -146.0 251.0 305.0 -4382.0 16772.0 123177.0 0.0 33515.0 7221.0 3278.0 -995.0 -1341.0 -838.0 -18.0 -370.0 -7.0 -621.0 189.0 -78.0 -341.0 95.0 103.0 -25.0 7.0 46.0 -49.0 -46.0 -39.0 -23.0 -54.0 23.0 -22.0 -31.0 11.0 44.0 2.0 13.0 -35.0 -22.0 19.0 0.0 -5.0 -10.0 -1.0 -5.0 -9.0 -1.0 -16.0 15.0 -1.0 7.0 -3.0 -7.0 9.0 22.0 1.0 -1.0 9.0 -12.0 -5.0 1.0 2.0 -10.0 30.0 14.0 6.0 3.0 -6.0 7.0 22.0 13.0 -1.0 -5.0 23.0 0.0 -13.0 -30.0 -15.0 -35.0 33.0 -18.0 -8.0 -17.0 -35.0 -10.0 -48.0 -50.0
19.0 9.0 26.0 -70.0 3.0 -107.0 149.0 116.0 22.0 -112.0 432.0 -330.0 371.0 -382.0 632.0 1754.0 4103.0 -4494.0 5712.0 33515.0 0.0 -58730.0 -13525.0 -7862.0 5296.0 -530.0 -2077.0 -8.0 -1082.0 -210.0 -74.0 73.0 -274.0 100.0 33.0 -13.0 -111.0 -46.0 -11.0 -15.0 -41.0 47.0 -4.0 44.0 -21.0 1.0 -13.0 -34.0 -4.0 17.0 24.0 18.0 -5.0 17.0 19.0 -30.0 22.0 10.0 6.0 0.0 -5.0 7.0 -20.0 12.0 -11.0 -13.0 -2.0 -17.0 15.0 -9.0 -18.0 5.0 10.0 14.0 5.0 -3.0 1.0 4.0 0.0 -20.0 -23.0 12.0 8.0 6.0 0.0 4.0 5.0 6.0 -1.0 0.0 -11.0 31.0 41.0 10.0 18.0 -16.0 37.0 -34.0 76.0 -5.0
-36.0 19.0 26.0 78.0 1.0 52.0 -29.0 42.0 48.0 -50.0 -205.0 521.0 -217.0 388.0 390.0 1044.0 808.0 -3095.0 -2474.0 7221.0 -58730.0 0.0 5862.0 8598.0 2336.0 -3277.0 441.0 2161.0 146.0 134.0 -209.0 216.0 46.0 -147.0 102.0 -108.0 -36.0 37.0 -39.0 -125.0 38.0 -29.0 -10.0 -21.0 31.0 13.0 -61.0 -19.0 -2.0 -37.0 6.0 -42.0 -7.0 -6.0 -18.0 -4.0 -1.0 7.0 -5.0 -17.0 -14.0 -1.0 -24.0 4.0 23.0 -4.0 -14.0 -19.0 13.0 8.0 -2.0 14.0 -8.0 -6.0 12.0 -1.0 -32.0 10.0 -22.0 -41.0 -3.0 -13.0 -11.0 -1.0 12.0 14.0 -9.0 -27.0 12.0 -3.0 15.0 -3.0 -14.0 5.0 15.0 25.0 -36.0 21.0 8.0 -21.0
34.0 -31.0 -100.0 -10.0 27.0 82.0 24.0 49.0 -138.0 21.0 188.0 -174.0 -20.0 247.0 -31.0 -34.0 279.0 483.0 -259.0 3278.0 -13525.0 5862.0 0.0 -155124.0 19083.0 -5172.0 -236.0 484.0 -631.0 -446.0 -318.0 283.0 -247.0 238.0 -174.0 47.0 70.0 91.0 63.0 159.0 -63.0 44.0 -32.0 -84.0 -11.0 61.0 -10.0 -15.0 33.0 -1.0 -18.0 -20.0 26.0 -3.0 12.0 22.0 33.0 23.0 7.0 -3.0 -29.0 -29.0 10.0 7.0 1.0 2.0 -6.0 10.0 -3.0 18.0 -7.0 -12.0 -3.0 12.0 -3.0 -8.0 -20.0 15.0 -4.0 9.0 -28.0 -2.0 -16.0 0.0 7.0 24.0 -8.0 -9.0 -9.0 -1.0 -4.0 -17.0 10.0 35.0 -22.0 13.0 -11.0 21.0 -21.0 -26.0
-74.0 -17.0 40.0 42.0 92.0 41.0 -54.0 87.0 -47.0 -64.0 -54.0 -141.0 -332.0 109.0 203.0 265.0 -44.0 -143.0 -798.0 -995.0 -7862.0 8598.0 -155124.0 0.0 55643.0 10807.0 2778.0 1626.0 251.0 1427.0 -482.0 10.0 -66.0 -409.0 334.0 67.0 186.0 83.0 -19.0 -65.0 -109.0 53.0 -74.0 -14.0 7.0 -7.0 29.0 23.0 -62.0 19.0 -19.0 23.0 5.0 25.0 18.0 -1.0 20.0 10.0 -21.0 -4.0 20.0 -14.0 17.0 -16.0 -5.0 -10.0 -25.0 -9.0 -10.0 3.0 4.0 1.0 2.0 4.0 -20.0 5.0 18.0 -13.0 0.0 7.0 -7.0 -18.0 6.0 -20.0 2.0 -14.0 11.0 -6.0 6.0 -15.0 -1.0 -23.0 27.0 3.0 -26.0 -26.0 14.0 23.0 -19.0 40.0
11.0 21.0 -3.0 -69.0 17.0 25.0 -8.0 30.0 -109.0 -126.0 30.0 -212.0 -399.0 -7.0 -142.0 -181.0 -158.0 117.0 595.0 -1341.0 5296.0 2336.0 19083.0 55643.0 0.0 38441.0 31194.0 -2357.0 -1675.0 723.0 674.0 388.0 213.0 107.0 -306.0 -136.0 -45.0 -2.0 113.0 -143.0 -46.0 -114.0 49.0 -131.0 27.0 48.0 -58.0 42.0 -51.0 32.0 -12.0 -29.0 -49.0 22.0 14.0 7.0 0.0 4.0 -32.0 -17.0 -20.0 -14.0 13.0 10.0 21.0 3.0 12.0 -13.0 -15.0 12.0 15.0 -18.0 25.0 -3.0 -4.0 7.0 7.0 -2.0 -4.0 -5.0 -18.0 -13.0 -16.0 6.0 -5.0 7.0 -25.0 6.0 19.0 -4.0 56.0 26.0 -8.0 7.0 39.0 27.0 8.0 17.0 -28.0 0.0
21.0 26.0 -35.0 78.0 60.0 28.0 -20.0 -73.0 0.0 126.0 -53.0 102.0 38.0 69.0 14.0 -26.0 494.0 274.0 327.0 -838.0 -530.0 -3277.0 -5172.0 10807.0 38441.0 0.0 -145416.0 -7110.0 2883.0 -443.0 1272.0 -996.0 -659.0 357.0 -206.0 -444.0 118.0 -173.0 -263.0 173.0 -8.0 -156.0 97.0 -47.0 3.0 -61.0 -46.0 -48.0 -36.0 28.0 -29.0 9.0 -4.0 8.0 33.0 14.0 9.0 15.0 -19.0 12.0 -13.0 -1.0 34.0 6.0 -8.0 -18.0 13.0 2.0 1.0 -19.0 3.0 9.0 0.0 -4.0 -4.0 -5.0 -2.0 -20.0 -9.0 -12.0 -13.0 15.0 4.0 -10.0 -6.0 15.0 -5.0 -19.0 17.0 -30.0 -12.0 3.0 7.0 -29.0 8.0 -5.0 -22.0 -33.0 -18.0 21.0
3.0 15.0 -70.0 -17.0 46.0 -21.0 -59.0 38.0 -29.0 -26.0 -3.0 -71.0 19.0 -78.0 -46.0 270.0 -441.0 -173.0 144.0 -18.0 -2077.0 441.0 -236.0 2778.0 31194.0 -145416.0 0.0 86070.0 -27447.0 -57.0 -4782.0 -2896.0 1002.0 184.0 28.0 372.0 -6.0 200.0 -111.0 -22.0 172.0 -126.0 -98.0 55.0 -19.0 -15.0 47.0 6.0 36.0 -61.0 -59.0 35.0 34.0 27.0 15.0 -4.0 13.0 43.0 18.0 -5.0 -16.0 -25.0 2.0 -2.0 -8.0 21.0 24.0 16.0 9.0 20.0 6.0 3.0 -2.0 -14.0 4.0 -14.0 -4.0 -15.0 -1.0 -11.0 5.0 10.0 19.0 -6.0 16.0 7.0 12.0 6.0 -11.0 -26.0 -3.0 -18.0 1.0 -20.0 -24.0 12.0 -53.0 -5.0 18.0 7.0
10.0 28.0 -31.0 0.0 72.0 25.0 -15.0 11.0 -37.0 -1.0 8.0 -3.0 -39.0 100.0 -27.0 -190.0 -106.0 16.0 -22.0 -370.0 -8.0 2161.0 484.0 1626.0 -2357.0 -7110.0 86070.0 0.0 -55599.0 -1030.0 267.0 1347.0 1137.0 27.0 -858.0 -29.0 249.0 272.0 -24.0 51.0 59.0 -154.0 15.0 -59.0 112.0 -66.0 -6.0 -24.0 68.0 1.0 68.0 9.0 -5.0 26.0 -28.0 37.0 -5.0 4.0 -13.0 1.0 -10.0 23.0 6.0 -1.0 -12.0 -13.0 -26.0 -2.0 20.0 9.0 3.0 9.0 18.0 11.0 19.0 6.0 7.0 27.0 -25.0 -22.0 4.0 -8.0 14.0 -15.0 -2.0 10.0 11.0 -5.0 -33.0 8.0 5.0 39.0 2.0 -3.0 -6.0 -2.0 22.0 -3.0 -19.0 -6.0
9.0 59.0 70.0 -10.0 -17.0 20.0 -5.0 31.0 -12.0 -2.0 3.0 -53.0 86.0 -83.0 -40.0 70.0 -33.0 -145.0 -22.0 -7.0 -1082.0 146.0 -631.0 251.0 -1675.0 2883.0 -27447.0 -55599.0 0.0 13472.0 -2621.0 421.0 -2770.0 -258.0 70.0 -932.0 -2.0 4.0 -144.0 -219.0 -217.0 -155.0 65.0 -34.0 140.0 17.0 120.0 25.0 -15.0 14.0 66.0 16.0 -22.0 -12.0 -17.0 40.0 -41.0 35.0 21.0 10.0 2.0 3.0 14.0 -19.0 0.0 -25.0 4.0 4.0 -3.0 2.0 -27.0 -11.0 -10.0 -25.0 -6.0 8.0 14.0 -15.0 -24.0 26.0 -8.0 -1.0 11.0 0.0 1.0 -14.0 -7.0 -19.0 -2.0 8.0 6.0 -9.0 -9.0 18.0 0.0 7.0 -4.0 23.0 6.0 -12.0
-1.0 20.0 1.0 -23.0 -27.0 -2.0 -21.0 -37.0 45.0 39.0 -17.0 -74.0 -145.0 -104.0 -101.0 -145.0 -34.0 -113.0 261.0 -621.0 -210.0 134.0 -446.0 1427.0 723.0 -443.0 -57.0 -1030.0 13472.0 0.0 -1864.0 -5979.0 2686.0 628.0 -1391.0 1044.0 -251.0 866.0 -214.0 430.0 38.0 106.0 -138.0 -24.0 -38.0 -56.0 16.0 4.0 10.0 -17.0 39.0 5.0 -5.0 10.0 6.0 36.0 2.0 22.0 13.0 27.0 -92.0 -23.0 12.0 -23.0 27.0 -9.0 -3.0 -19.0 -10.0 -24.0 14.0 5.0 -12.0 8.0 4.0 -24.0 7.0 -5.0 -12.0 -13.0 7.0 -7.0 1.0 -5.0 14.0 5.0 -12.0 14.0 -13.0 15.0 15.0 17.0 -2.0 -19.0 2.0 0.0 -10.0 -10.0 -1.0 -1.0
-7.0 -11.0 32.0 8.0 -19.0 19.0 -8.0 -1.0 -58.0 59.0 43.0 -33.0 -2.0 3.0 -76.0 177.0 109.0 32.0 23.0 189.0 -74.0 -209.0 -318.0 -482.0 674.0 1272.0 -4782.0 267.0 -2621.0 -1864.0 0.0 -59387.0 14219.0 -890.0 -206.0 823.0 536.0 -125.0 -496.0 257.0 -337.0 148.0 223.0 -106.0 -71.0 64.0 -40.0 57.0 53.0 -21.0 -20.0 -25.0 54.0 4.0 20.0 66.0 -21.0 -47.0 30.0 -15.0 -47.0 -16.0 -3.0 -14.0 4.0 29.0 5.0 23.0 -10.0 14.0 27.0 16.0 3.0 6.0 -6.0 -3.0 10.0 -10.0 -14.0 13.0 -5.0 -10.0 10.0 -3.0 24.0 5.0 21.0 -6.0 11.0 6.0 -6.0 37.0 13.0 2.0 -19.0 -38.0 11.0 -26.0 -6.0 6.0
-28.0 2.0 44.0 1.0 40.0 28.0 -1.0 2.0 -2.0 7.0 -80.0 -18.0 5.0 125.0 -56.0 -18.0 -32.0 -19.0 119.0 -78.0 73.0 216.0 283.0 10.0 388.0 -996.0 -2896.0 1347.0 421.0 -5979.0 -59387.0 0.0 112094.0 -1407.0 4711.0 393.0 -552.0 -846.0 494.0 156.0 153.0 80.0 -248.0 10.0 175.0 -88.0 -140.0 26.0 26.0 -33.0 -27.0 -41.0 67.0 -14.0 -32.0 52.0 -24.0 9.0 10.0 -6.0 6.0 -15.0 -8.0 -30.0 16.0 17.0 11.0 27.0 -5.0 7.0 21.0 -13.0 5.0 10.0 -5.0 -1.0 4.0 12.0 -18.0 -1.0 7.0 6.0 -9.0 -10.0 13.0 1.0 -6.0 27.0 9.0 -11.0 -11.0 10.0 -13.0 11.0 8.0 13.0 -36.0 -3.0 -30.0 11.0
-12.0 -16.0 -6.0 -26.0 -27.0 22.0 1.0 0.0 -44.0 16.0 -19.0 -45.0 -20.0 80.0 12.0 9.0 60.0 62.0 135.0 -341.0 -274.0 46.0 -247.0 -66.0 213.0 -659.0 1002.0 1137.0 -2770.0 2686.0 14219.0 112094.0 0.0 48148.0 2774.0 5204.0 -1421.0 -2252.0 273.0 291.0 -292.0 -76.0 156.0 262.0 -69.0 -21.0 -35.0 -141.0 -14.0 -72.0 87.0 -27.0 62.0 46.0 23.0 26.0 15.0 -26.0 -31.0 -27.0 38.0 28.0 36.0 44.0 6.0 -1.0 -38.0 -4.0 -1.0 -5.0 0.0 -2.0 16.0 0.0 4.0 -5.0 4.0 13.0 -4.0 -4.0 1.0 -4.0 5.0 -3.0 -29.0 -7.0 0.0 13.0 -13.0 24.0 -19.0 -10.0 -27.0 6.0 -3.0 8.0 -22.0 -2.0 39.0 -23.0
9.0 -8.0 36.0 -25.0 0.0 8.0 -4.0 1.0 28.0 58.0 -36.0 -18.0 -44.0 -4.0 21.0 -23.0 -27.0 -8.0 109.0 95.0 100.0 -147.0 238.0 -409.0 107.0 357.0 184.0 27.0 -258.0 628.0 -890.0 -1407.0 48148.0 0.0 -24742.0 14838.0 8296.0 1906.0 1616.0 127.0 -143.0 -779.0 -173.0 392.0 60.0 -40.0 25.0 -33.0 168.0 -82.0 -36.0 -40.0 -6.0 35.0 29.0 11.0 31.0 31.0 30.0 -28.0 20.0 2.0 -17.0 12.0 27.0 24.0 5.0 -25.0 -31.0 11.0 0.0 6.0 3.0 -2.0 20.0 -7.0 -1.0 -7.0 -16.0 -2.0 -14.0 -11.0 -5.0 1.0 -1.0 -21.0 -10.0 11.0 -9.0 6.0 -11.0 5.0 -4.0 0.0 9.0 -6.0 -21.0 7.0 7.0 -7.0
20.0 -28.0 4.0 36.0 29.0 22.0 12.0 19.0 -18.0 -4.0 -56.0 3.0 10.0 -14.0 56.0 -52.0 -65.0 13.0 -11.0 103.0 33.0 102.0 -174.0 334.0 -306.0 -206.0 28.0 -858.0 70.0 -1391.0 -206.0 4711.0 2774.0 -24742.0 0.0 43082.0 -5978.0 6617.0 2787.0 263.0 94.0 324.0 343.0 83.0 -40.0 -166.0 -310.0 106.0 58.0 69.0 -75.0 12.0 94.0 11.0 -31.0 -17.0 -25.0 -37.0 -20.0 -42.0 -42.0 28.0 -18.0 22.0 43.0 -27.0 2.0 -5.0 -3.0 18.0 27.0 -16.0 -19.0 18.0 -9.0 -20.0 -7.0 17.0 -5.0 3.0 5.0 2.0 1.0 16.0 2.0 6.0 1.0 -8.0 15.0 -14.0 -18.0 9.0 -6.0 13.0 15.0 -15.0 -6.0 -5.0 0.0 -35.0
9.0 -2.0 15.0 14.0 21.0 -13.0 -9.0 -38.0 27.0 5.0 56.0 10.0 -33.0 -54.0 70.0 -88.0 -12.0 -12.0 134.0 -25.0 -13.0 -108.0 47.0 67.0 -136.0 -444.0 372.0 -29.0 -932.0 1044.0 823.0 393.0 5204.0 14838.0 43082.0 0.0 -52711.0 15683.0 -3460.0 286.0 -935.0 563.0 -265.0 493.0 -555.0 473.0 310.0 230.0 73.0 44.0 -13.0 15.0 -145.0 88.0 40.0 6.0 -12.0 10.0 -16.0 2.0 35.0 40.0 -4.0 -14.0 18.0 -27.0 0.0 2.0 8.0 20.0 -18.0 -13.0 4.0 -5.0 -18.0 -11.0 -5.0 -18.0 3.0 8.0 3.0 39.0 6.0 -3.0 5.0 -4.0 11.0 -3.0 13.0 14.0 -10.0 15.0 15.0 -6.0 0.0 14.0 2.0 13.0 -5.0 -6.0
18.0 -8.0 -1.0 -33.0 -5.0 -13.0 -1.0 -14.0 1.0 -24.0 24.0 15.0 60.0 52.0 62.0 19.0 30.0 -106.0 13.0 7.0 -111.0 -36.0 70.0 186.0 -45.0 118.0 -6.0 249.0 -2.0 -251.0 536.0 -552.0 -1421.0 8296.0 -5978.0 -52711.0 0.0 -45748.0 7643.0 5874.0 948.0 -2094.0 -557.0 -61.0 -319.0 156.0 215.0 -70.0 -29.0 -177.0 98.0 44.0 -40.0 -56.0 63.0 -34.0 13.0 19.0 11.0 -7.0 60.0 -30.0 -32.0 -6.0 7.0 16.0 -9.0 -29.0 -14.0 7.0 2.0 -3.0 7.0 -1.0 10.0 -6.0 -12.0 -1.0 -5.0 11.0 11.0 -14.0 6.0 -17.0 6.0 3.0 -1.0 -9.0 10.0 4.0 -9.0 -14.0 29.0 0.0 16.0 5.0 -8.0 5.0 -1.0 21.0
-3.0 6.0 -3.0 25.0 -12.0 13.0 9.0 9.0 -44.0 -25.0 14.0 13.0 -31.0 -43.0 41.0 -37.0 -70.0 -14.0 -124.0 46.0 -46.0 37.0 91.0 83.0 -2.0 -173.0 200.0 272.0 4.0 866.0 -125.0 -846.0 -2252.0 1906.0 6617.0 15683.0 -45748.0 0.0 8015.0 15206.0 2117.0 -1723.0 832.0 1528.0 104.0 -10.0 16.0 149.0 296.0 -203.0 -157.0 46.0 19.0 38.0 -1.0 34.0 16.0 -26.0 24.0 42.0 -6.0 -30.0 -14.0 -18.0 -17.0 -15.0 -18.0 16.0 13.0 -42.0 -12.0 19.0 4.0 -15.0 -7.0 26.0 -14.0 -1.0 5.0 -7.0 23.0 2.0 -5.0 -8.0 16.0 18.0 -8.0 19.0 6.0 9.0 14.0 -1.0 -26.0 7.0 5.0 16.0 -3.0 18.0 19.0 7.0
-35.0 -14.0 4.0 18.0 6.0 2.0 -15.0 9.0 26.0 34.0 15.0 -17.0 1.0 15.0 -12.0 -17.0 36.0 -32.0 17.0 -49.0 -11.0 -39.0 63.0 -19.0 113.0 -263.0 -111.0 -24.0 -144.0 -214.0 -496.0 494.0 273.0 1616.0 2787.0 -3460.0 7643.0 8015.0 0.0 -152659.0 8233.0 1720.0 -176.0 -1152.0 -527.0 -219.0 38.0 330.0 279.0 -188.0 -66.0 235.0 -63.0 -39.0 34.0 8.0 -72.0 -22.0 15.0 -19.0 -79.0 5.0 17.0 -20.0 -21.0 1.0 -35.0 3.0 33.0 3.0 -20.0 2.0 -1.0 -5.0 -1.0 -18.0 11.0 1.0 -12.0 2.0 6.0 11.0 5.0 0.0 10.0 -5.0 -2.0 4.0 -14.0 8.0 -20.0 -6.0 -17.0 11.0 14.0 -2.0 -9.0 13.0 2.0 -13.0
2.0 10.0 -18.0 22.0 6.0 9.0 -22.0 13.0 20.0 10.0 -28.0 -9.0 31.0 -5.0 4.0 -3.0 11.0 2.0 -61.0 -46.0 -15.0 -125.0 159.0 -65.0 -143.0 173.0 -22.0 51.0 -219.0 430.0 257.0 156.0 291.0 127.0 263.0 286.0 5874.0 15206.0 -152659.0 0.0 670.0 -10141.0 13182.0 -1629.0 -51.0 725.0 78.0 -170.0 -765.0 56.0 -446.0 33.0 -53.0 -90.0 25.0 -46.0 45.0 19.0 128.0 -45.0 80.0 -45.0 53.0 34.0 -7.0 7.0 10.0 55.0 16.0 3.0 -11.0 -17.0 -38.0 37.0 -31.0 38.0 0.0 22.0 -20.0 -25.0 -14.0 5.0 7.0 -3.0 -11.0 -12.0 -18.0 -6.0 -16.0 14.0 -5.0 24.0 -10.0 7.0 10.0 0.0 -19.0 -3.0 -16.0 14.0
-6.0 16.0 -10.0 7.0 -15.0 21.0 8.0 3.0 -38.0 -8.0 28.0 4.0 -8.0 38.0 46.0 -26.0 50.0 5.0 11.0 -39.0 -41.0 38.0 -63.0 -109.0 -46.0 -8.0 172.0 59.0 -217.0 38.0 -337.0 153.0 -292.0 -143.0 94.0 -935.0 948.0 2117.0 8233.0 670.0 0.0 38479.0 -4350.0 3196.0 -1226.0 117.0 -82.0 -224.0 158.0 318.0 42.0 -199.0 -24.0 28.0 -108.0 -76.0 -4.0 22.0 25.0 -24.0 14.0 -78.0 9.0 -51.0 -51.0 -53.0 45.0 7.0 -37.0 -7.0 28.0 -7.0 28.0 29.0 -2.0 23.0 9.0 -7.0 23.0 -1.0 13.0 -15.0 -8.0 16.0 -3.0 5.0 0.0 11.0 2.0 -5.0 9.0 22.0 -2.0 3.0 1.0 -3.0 -11.0 -4.0 19.0 -20.0
4.0 -4.0 -34.0 0.0 5.0 -8.0 39.0 -14.0 -22.0 24.0 37.0 -27.0 -11.0 -24.0 9.0 -75.0 24.0 15.0 4.0 -23.0 47.0 -29.0 44.0 53.0 -114.0 -156.0 -126.0 -154.0 -155.0 106.0 148.0 80.0 -76.0 -779.0 324.0 563.0 -2094.0 -1723.0 1720.0 -10141.0 38479.0 0.0 -10927.0 4229.0 1409.0 -547.0 264.0 281.0 337.0 -68.0 -239.0 -475.0 89.0 3.0 -129.0 46.0 52.0 136.0 -68.0 -2.0 27.0 23.0 -74.0 -41.0 -30.0 73.0 -7.0 37.0 2.0 25.0 -19.0 -11.0 2.0 -15.0 -6.0 -2.0 -9.0 -1.0 10.0 -34.0 -3.0 11.0 -9.0 -15.0 -2.0 9.0 2.0 13.0 10.0 2.0 11.0 2.0 8.0 22.0 12.0 10.0 29.0 20.0 13.0 0.0
-9.0 -3.0 -4.0 18.0 -8.0 13.0 21.0 1.0 -8.0 0.0 -38.0 3.0 -11.0 4.0 -5.0 -9.0 31.0 9.0 -74.0 -54.0 -4.0 -10.0 -32.0 -74.0 49.0 97.0 -98.0 15.0 65.0 -138.0 223.0 -248.0 156.0 -173.0 343.0 -265.0 -557.0 832.0 -176.0 13182.0 -4350.0 -10927.0 0.0 14712.0 -22885.0 -8071.0 -3735.0 -1180.0 753.0 27.0 -754.0 29.0 -102.0 -466.0 43.0 -140.0 26.0 -1.0 24.0 -126.0 -88.0 39.0 -51.0 -44.0 34.0 19.0 -36.0 -30.0 -70.0 -54.0 -13.0 12.0 -4.0 -28.0 -26.0 47.0 21.0 41.0 -15.0 -32.0 -14.0 26.0 -5.0 -1.0 -14.0 -6.0 -16.0 -1.0 2.0 -5.0 -6.0 -2.0 -14.0 2.0 -1.0 -5.0 -1.0 -22.0 7.0 -21.0
-5.0 -9.0 -7.0 -7.0 25.0 3.0 3.0 -8.0 -30.0 -7.0 -8.0 -14.0 -21.0 -6.0 6.0 -13.0 52.0 -8.0 35.0 23.0 44.0 -21.0 -84.0 -14.0 -131.0 -47.0 55.0 -59.0 -34.0 -24.0 -106.0 10.0 262.0 392.0 83.0 493.0 -61.0 1528.0 -1152.0 -1629.0 3196.0 4229.0 14712.0 0.0 -6792.0 -8033.0 4882.0 1570.0 502.0 138.0 450.0 339.0 395.0 246.0 -206.0 143.0 -189.0 108.0 -52.0 28.0 7.0 11.0 124.0 -65.0 42.0 -49.0 32.0 26.0 17.0 1.0 -60.0 -18.0 31.0 5.0 32.0 53.0 8.0 17.0 -5.0 3.0 18.0 4.0 18.0 1.0 -1.0 -6.0 5.0 7.0 26.0 -14.0 1.0 -13.0 25.0 7.0 26.0 34.0 -5.0 8.0 -2.0 -12.0
0.0 4.0 1.0 -12.0 5.0 21.0 12.0 -21.0 4.0 -27.0 2.0 -19.0 10.0 29.0 -18.0 -1.0 -4.0 11.0 -24.0 -22.0 -21.0 31.0 -11.0 7.0 27.0 3.0 -19.0 112.0 140.0 -38.0 -71.0 175.0 -69.0 60.0 -40.0 -555.0 -319.0 104.0 -527.0 -51.0 -1226.0 1409.0 -22885.0 -6792.0 0.0 62402.0 -1874.0 550.0 -645.0 2545.0 140.0 928.0 384.0 381.0 -168.0 359.0 148.0 48.0 86.0 68.0 92.0 111.0 99.0 71.0 -18.0 7.0 9.0 -15.0 -23.0 -16.0 -14.0 23.0 12.0 -14.0 22.0 -16.0 8.0 14.0 6.0 5.0 -3.0 -9.0 21.0 -4.0 14.0 5.0 20.0 3.0 9.0 -8.0 19.0 -9.0 -7.0 3.0 3.0 3.0 13.0 17.0 9.0 -11.0
-2.0 -28.0 10.0 7.0 -11.0 3.0 0.0 -3.0 7.0 11.0 15.0 -10.0 25.0 27.0 -4.0 -28.0 31.0 15.0 -12.0 -31.0 1.0 13.0 61.0 -7.0 48.0 -61.0 -15.0 -66.0 17.0 -56.0 64.0 -88.0 -21.0 -40.0 -166.0 473.0 156.0 -10.0 -219.0 725.0 117.0 -547.0 -8071.0 -8033.0 62402.0 0.0 -31845.0 -7121.0 -9180.0 3327.0 438.0 74.0 -518.0 269.0 180.0 31.0 75.0 -268.0 -93.0 -84.0 69.0 6.0 99.0 -60.0 6.0 36.0 2.0 -24.0 -62.0 -8.0 3.0 -50.0 6.0 -14.0 10.0 44.0 -28.0 -25.0 -2.0 -30.0 29.0 12.0 33.0 -22.0 16.0 0.0 -11.0 7.0 -4.0 -4.0 -23.0 -5.0 7.0 -4.0 -18.0 4.0 11.0 15.0 21.0 -4.0
-11.0 9.0 14.0 -20.0 -2.0 -16.0 -5.0 24.0 -11.0 -4.0 14.0 8.0 -21.0 11.0 -22.0 -7.0 -23.0 44.0 16.0 11.0 -13.0 -61.0 -10.0 29.0 -58.0 -46.0 47.0 -6.0 120.0 16.0 -40.0 -140.0 -35.0 25.0 -310.0 310.0 215.0 16.0 38.0 78.0 -82.0 264.0 -3735.0 4882.0 -1874.0 -31845.0 0.0 -43522.0 4995.0 -6529.0 128.0 -847.0 -452.0 694.0 -800.0 343.0 215.0 -173.0 -143.0 31.0 -79.0 -127.0 21.0 59.0 99.0 42.0 17.0 -23.0 -61.0 -20.0 2.0 -25.0 -7.0 14.0 25.0 -52.0 5.0 11.0 -25.0 -33.0 -15.0 -14.0 -18.0 -11.0 -13.0 9.0 -10.0 -17.0 0.0 -27.0 -7.0 -6.0 5.0 -8.0 5.0 7.0 -8.0 -5.0 9.0 3.0
-13.0 0.0 -11.0 18.0 -8.0 -12.0 -8.0 -21.0 2.0 16.0 -3.0 6.0 16.0 14.0 31.0 1.0 29.0 -28.0 4.0 44.0 -34.0 -19.0 -15.0 23.0 42.0 -48.0 6.0 -24.0 25.0 4.0 57.0 26.0 -141.0 -33.0 106.0 230.0 -70.0 149.0 330.0 -170.0 -224.0 281.0 -1180.0 1570.0 550.0 -7121.0 -43522.0 0.0 -47135.0 -16885.0 5319.0 372.0 -335.0 -633.0 -338.0 -34.0 -304.0 -28.0 170.0 -31.0 -131.0 -18.0 47.0 53.0 70.0 45.0 -35.0 26.0 -8.0 17.0 23.0 24.0 6.0 36.0 -2.0 -16.0 -12.0 25.0 1.0 -47.0 -26.0 -44.0 5.0 -2.0 9.0 0.0 -2.0 2.0 -3.0 4.0 31.0 -3.0 28.0 -7.0 21.0 -7.0 -24.0 8.0 3.0 -6.0
18.0 -2.0 21.0 -8.0 -1.0 2.0 19.0 -12.0 0.0 -14.0 -3.0 -4.0 16.0 16.0 15.0 7.0 14.0 29.0 25.0 2.0 -4.0 -2.0 33.0 -62.0 -51.0 -36.0 36.0 68.0 -15.0 10.0 53.0 26.0 -14.0 168.0 58.0 73.0 -29.0 296.0 279.0 -765.0 158.0 337.0 753.0 502.0 -645.0 -9180.0 4995.0 -47135.0 0.0 47028.0 5130.0 -6688.0 -1123.0 -985.0 227.0 369.0 94.0 -263.0 -75.0 -101.0 -63.0 56.0 -21.0 9.0 -139.0 18.0 -4.0 62.0 18.0 -35.0 2.0 21.0 -58.0 -2.0 0.0 28.0 -6.0 -14.0 10.0 -18.0 19.0 8.0 -1.0 -32.0 -4.0 10.0 13.0 3.0 2.0 8.0 10.0 -5.0 -7.0 16.0 -5.0 1.0 -8.0 -7.0 -10.0 -2.0
-8.0 17.0 9.0 6.0 24.0 7.0 11.0 17.0 14.0 -22.0 10.0 -13.0 -16.0 -14.0 -13.0 -29.0 -11.0 -13.0 3.0 13.0 17.0 -37.0 -1.0 19.0 32.0 28.0 -61.0 1.0 14.0 -17.0 -21.0 -33.0 -72.0 -82.0 69.0 44.0 -177.0 -203.0 -188.0 56.0 318.0 -68.0 27.0 138.0 2545.0 3327.0 -6529.0 -16885.0 47028.0 0.0 -5230.0 -14031.0 252.0 -2127.0 649.0 43.0 394.0 534.0 73.0 14.0 110.0 -219.0 121.0 30.0 -42.0 50.0 37.0 70.0 66.0 -8.0 79.0 18.0 -23.0 16.0 28.0 15.0 -12.0 -26.0 -42.0 31.0 6.0 3.0 -1.0 16.0 22.0 22.0 -6.0 -24.0 -10.0 -9.0 -14.0 -6.0 7.0 0.0 7.0 -20.0 10.0 9.0 14.0 1.0
-3.0 -1.0 8.0 -7.0 14.0 9.0 14.0 0.0 -6.0 -25.0 -4.0 -13.0 -6.0 1.0 -18.0 -26.0 20.0 -5.0 25.0 -35.0 24.0 6.0 -18.0 -19.0 -12.0 -29.0 -59.0 68.0 66.0 39.0 -20.0 -27.0 87.0 -36.0 -75.0 -13.0 98.0 -157.0 -66.0 -446.0 42.0 -239.0 -754.0 450.0 140.0 438.0 128.0 5319.0 5130.0 -5230.0 0.0 170713.0 -8771.0 181.0 -1758.0 316.0 -1004.0 336.0 -516.0 118.0 164.0 -62.0 15.0 -84.0 35.0 113.0 71.0 -93.0 25.0 -2.0 -19.0 -29.0 -6.0 9.0 20.0 -11.0 -2.0 20.0 27.0 20.0 18.0 11.0 5.0 -3.0 14.0 -5.0 -14.0 -3.0 -4.0 -3.0 -30.0 -14.0 -7.0 -7.0 2.0 18.0 -5.0 -11.0 10.0 -6.0
-9.0 -6.0 -10.0 31.0 1.0 -11.0 0.0 -7.0 13.0 -4.0 -4.0 0.0 -2.0 -1.0 13.0 27.0 22.0 -22.0 -5.0 -22.0 18.0 -42.0 -20.0 23.0 -29.0 9.0 35.0 9.0 16.0 5.0 -25.0 -41.0 -27.0 -40.0 12.0 15.0 44.0 46.0 235.0 33.0 -199.0 -475.0 29.0 339.0 928.0 74.0 -847.0 372.0 -6688.0 -14031.0 170713.0 0.0 -12765.0 -10572.0 -2728.0 -1779.0 -512.0 941.0 -329.0 871.0 -889.0 -38.0 80.0 69.0 37.0 -53.0 42.0 34.0 29.0 58.0 -5.0 -14.0 23.0 -45.0 52.0 -39.0 -16.0 -10.0 -25.0 -2.0 4.0 -15.0 4.0 20.0 39.0 -6.0 -6.0 -7.0 -19.0 -3.0 8.0 25.0 19.0 -13.0 16.0 12.0 5.0 -2.0 -1.0 4.0
-5.0 3.0 -1.0 7.0 -3.0 -5.0 -10.0 13.0 9.0 -8.0 -2.0 4.0 -19.0 2.0 -16.0 -8.0 -13.0 -26.0 -21.0 19.0 -5.0 -7.0 26.0 5.0 -49.0 -4.0 34.0 -5.0 -22.0 -5.0 54.0 67.0 62.0 -6.0 94.0 -145.0 -40.0 19.0 -63.0 -53.0 -24.0 89.0 -102.0 395.0 384.0 -518.0 -452.0 -335.0 -1123.0 252.0 -8771.0 -12765.0 0.0 78394.0 -2532.0 3782.0 -2923.0 2485.0 -830.0 653.0 198.0 -17.0 329.0 -89.0 -252.0 77.0 -69.0 56.0 -53.0 3.0 -36.0 -86.0 62.0 -43.0 33.0 -52.0 -14.0 -1.0 -9.0 14.0 -21.0 -4.0 11.0 39.0 10.0 -34.0 -11.0 -3.0 -6.0 10.0 20.0 1.0 29.0 5.0 2.0 5.0 7.0 -10.0 -9.0 -10.0
16.0 -7.0 -1.0 -10.0 2.0 -5.0 18.0 39.0 15.0 11.0 -30.0 -34.0 18.0 -20.0 17.0 4.0 22.0 15.0 -7.0 0.0 17.0 -6.0 -3.0 25.0 22.0 8.0 27.0 26.0 -12.0 10.0 4.0 -14.0 46.0 35.0 11.0 88.0 -56.0 38.0 -39.0 -90.0 28.0 3.0 -466.0 246.0 381.0 269.0 694.0 -633.0 -985.0 -2127.0 181.0 -10572.0 78394.0 0.0 -25446.0 -21682.0 -1536.0 -3702.0 881.0 5.0 -325.0 -189.0 -328.0 -32.0 -55.0 -12.0 -58.0 97.0 133.0 238.0 -50.0 87.0 33.0 -53.0 -46.0 33.0 42.0 -9.0 19.0 -42.0 -20.0 18.0 4.0 10.0 5.0 11.0 0.0 20.0 -24.0 5.0 1.0 -16.0 6.0 4.0 -10.0 8.0 -17.0 13.0 -6.0 32.0
-3.0 3.0 14.0 -17.0 -7.0 27.0 -8.0 22.0 16.0 17.0 -6.0 -12.0 -12.0 5.0 -6.0 25.0 14.0 -12.0 1.0 -5.0 19.0 -18.0 12.0 18.0 14.0 33.0 15.0 -28.0 -17.0 6.0 20.0 -32.0 23.0 29.0 -31.0 40.0 63.0 -1.0 34.0 25.0 -108.0 -129.0 43.0 -206.0 -168.0 180.0 -800.0 -338.0 227.0 649.0 -1758.0 -2728.0 -2532.0 -25446.0 0.0 -5097.0 -8553.0 211.0 837.0 -1839.0 1119.0 97.0 -817.0 -198.0 78.0 154.0 -278.0 -193.0 152.0 104.0 -63.0 59.0 -23.0 65.0 0.0 -33.0 -38.0 -3.0 11.0 10.0 -34.0 -44.0 -7.0 -12.0 -6.0 -12.0 12.0 4.0 9.0 -7.0 -35.0 4.0 0.0 -6.0 1.0 2.0 22.0 2.0 15.0 -18.0
-1.0 4.0 10.0 -3.0 2.0 5.0 -2.0 -11.0 4.0 8.0 -4.0 22.0 3.0 1.0 -16.0 -16.0 -6.0 -8.0 -1.0 -10.0 -30.0 -4.0 22.0 -1.0 7.0 14.0 -4.0 37.0 40.0 36.0 66.0 52.0 26.0 11.0 -17.0 6.0 -34.0 34.0 8.0 -46.0 -76.0 46.0 -140.0 143.0 359.0 31.0 343.0 -34.0 369.0 43.0 316.0 -1779.0 3782.0 -21682.0 -5097.0 0.0 -197429.0 -33183.0 -6002.0 -288.0 -2295.0 409.0 -942.0 518.0 56.0 -13.0 -377.0 228.0 66.0 -20.0 -15.0 -137.0 55.0 10.0 -14.0 48.0 -24.0 -30.0 83.0 -37.0 7.0 -17.0 -6.0 30.0 -2.0 -16.0 -2.0 -8.0 -29.0 -9.0 -23.0 -12.0 -6.0 -37.0 -5.0 -16.0 -20.0 10.0 12.0 -19.0
-1.0 15.0 4.0 -1.0 -8.0 7.0 11.0 15.0 -3.0 33.0 21.0 4.0 16.0 21.0 -15.0 4.0 12.0 1.0 42.0 -1.0 22.0 -1.0 33.0 20.0 0.0 9.0 13.0 -5.0 -41.0 2.0 -21.0 -24.0 15.0 31.0 -25.0 -12.0 13.0 16.0 -72.0 45.0 -4.0 52.0 26.0 -189.0 148.0 75.0 215.0 -304.0 94.0 394.0 -1004.0 -512.0 -2923.0 -1536.0 -8553.0 -197429.0 0.0 60604.0 11102.0 -849.0 -1330.0 519.0 -724.0 207.0 255.0 -568.0 -276.0 -28.0 -8.0 147.0 -144.0 -82.0 43.0 109.0 -40.0 107.0 -53.0 10.0 12.0 12.0 -2.0 -3.0 -17.0 22.0 -12.0 2.0 12.0 -12.0 8.0 -16.0 -4.0 -10.0 14.0 -31.0 5.0 -4.0 19.0 0.0 9.0 22.0
0.0 -25.0 8.0 12.0 -14.0 -2.0 33.0 12.0 18.0 -14.0 7.0 -9.0 -15.0 -25.0 -6.0 15.0 7.0 -1.0 -5.0 -5.0 10.0 7.0 23.0 10.0 4.0 15.0 43.0 4.0 35.0 22.0 -47.0 9.0 -26.0 31.0 -37.0 10.0 19.0 -26.0 -22.0 19.0 22.0 136.0 -1.0 108.0 48.0 -268.0 -173.0 -28.0 -263.0 534.0 336.0 941.0 2485.0 -3702.0 211.0 -33183.0 60604.0 0.0 -53299.0 -4041.0 -2420.0 2320.0 -1393.0 625.0 -52.0 97.0 130.0 146.0 34.0 -166.0 -14.0 48.0 9.0 -67.0 -116.0 -26.0 6.0 -22.0 -16.0 -8.0 -34.0 -9.0 -18.0 18.0 1.0 -43.0 -1.0 12.0 -2.0 2.0 23.0 -13.0 -5.0 11.0 -14.0 -28.0 -7.0 3.0 12.0 0.0
17.0 2.0 -1.0 25.0 -16.0 -3.0 4.0 -16.0 13.0 -1.0 9.0 -4.0 9.0 3.0 -16.0 7.0 17.0 -1.0 34.0 -9.0 6.0 -5.0 7.0 -21.0 -32.0 -19.0 18.0 -13.0 21.0 13.0 30.0 10.0 -31.0 30.0 -20.0 -16.0 11.0 24.0 15.0 128.0 25.0 -68.0 24.0 -52.0 86.0 -93.0 -143.0 170.0 -75.0 73.0 -516.0 -329.0 -830.0 881.0 837.0 -6002.0 11102.0 -53299.0 0.0 -5909.0 8271.0 7100.0 2028.0 1150.0 290.0 109.0 -372.0 -217.0 -240.0 -166.0 90.0 -67.0 -21.0 191.0 -51.0 157.0 45.0 -39.0 1.0 19.0 11.0 -46.0 0.0 3.0 11.0 -8.0 -27.0 37.0 7.0 22.0 -6.0 29.0 35.0 -17.0 -18.0 -19.0 6.0 30.0 -11.0 -22.0
10.0 9.0 7.0 -3.0 6.0 -5.0 -6.0 6.0 13.0 -21.0 -3.0 12.0 -3.0 -3.0 -4.0 26.0 -6.0 26.0 -6.0 -1.0 0.0 -17.0 -3.0 -4.0 -17.0 12.0 -5.0 1.0 10.0 27.0 -15.0 -6.0 -27.0 -28.0 -42.0 2.0 -7.0 42.0 -19.0 -45.0 -24.0 -2.0 -126.0 28.0 68.0 -84.0 31.0 -31.0 -101.0 14.0 118.0 871.0 653.0 5.0 -1839.0 -288.0 -849.0 -4041.0 -5909.0 0.0 14691.0 -11210.0 -4193.0 112.0 -219.0 -418.0 -74.0 809.0 -152.0 -294.0 -177.0 15.0 -207.0 -133.0 -96.0 114.0 84.0 61.0 48.0 -158.0 -5.0 81.0 65.0 13.0 -32.0 38.0 -20.0 -18.0 -10.0 21.0 19.0 29.0 32.0 -2.0 -3.0 -15.0 -9.0 10.0 -3.0 -18.0
7.0 9.0 7.0 19.0 16.0 -5.0 15.0 -6.0 -12.0 -12.0 -8.0 -5.0 -10.0 -4.0 -11.0 -11.0 -11.0 -6.0 5.0 -16.0 -5.0 -14.0 -29.0 20.0 -20.0 -13.0 -16.0 -10.0 2.0 -92.0 -47.0 6.0 38.0 20.0 -42.0 35.0 60.0 -6.0 -79.0 80.0 14.0 27.0 -88.0 7.0 92.0 69.0 -79.0 -131.0 -63.0 110.0 164.0 -889.0 198.0 -325.0 1119.0 -2295.0 -1330.0 -2420.0 8271.0 14691.0 0.0 -91157.0 -9633.0 -1105.0 -1999.0 1782.0 193.0 -10.0 -142.0 -436.0 24.0 -78.0 32.0 -89.0 67.0 -127.0 -77.0 -33.0 -20.0 -4.0 7.0 30.0 -45.0 8.0 -13.0 -12.0 24.0 -17.0 -32.0 14.0 25.0 -54.0 32.0 3.0 15.0 -22.0 -3.0 3.0 -2.0 10.0
21.0 17.0 25.0 25.0 34.0 9.0 11.0 12.0 -4.0 2.0 -18.0 2.0 22.0 -3.0 -11.0 2.0 18.0 7.0 16.0 15.0 7.0 -1.0 -29.0 -14.0 -14.0 -1.0 -25.0 23.0 3.0 -23.0 -16.0 -15.0 28.0 2.0 28.0 40.0 -30.0 -30.0 5.0 -45.0 -78.0 23.0 39.0 11.0 111.0 6.0 -127.0 -18.0 56.0 -219.0 -62.0 -38.0 -17.0 -189.0 97.0 409.0 519.0 2320.0 7100.0 -11210.0 -91157.0 0.0 59692.0 -2882.0 -104.0 3917.0 1873.0 -141.0 -764.0 376.0 15.0 21.0 -9.0 -72.0 -16.0 52.0 -106.0 -25.0 -18.0 35.0 -4.0 32.0 -41.0 -59.0 0.0 -9.0 18.0 9.0 -7.0 14.0 -44.0 21.0 26.0 -30.0 24.0 24.0 -6.0 14.0 -30.0 2.0
-2.0 7.0 17.0 10.0 3.0 0.0 6.0 29.0 -15.0 11.0 -10.0 -25.0 3.0 8.0 -10.0 -15.0 -5.0 9.0 -2.0 -1.0 -20.0 -24.0 10.0 17.0 13.0 34.0 2.0 6.0 14.0 12.0 -3.0 -8.0 36.0 -17.0 -18.0 -4.0 -32.0 -14.0 17.0 53.0 9.0 -74.0 -51.0 124.0 99.0 99.0 21.0 47.0 -21.0 121.0 15.0 80.0 329.0 -328.0 -817.0 -942.0 -724.0 -1393.0 2028.0 -4193.0 -9633.0 59692.0 0.0 -24645.0 21436.0 -2547.0 -1765.0 990.0 177.0 -299.0 178.0 -68.0 101.0 -86.0 207.0 15.0 90.0 59.0 -102.0 77.0 -22.0 -20.0 -35.0 -51.0 15.0 -9.0 -38.0 19.0 -1.0 43.0 -1.0 8.0 -30.0 -27.0 0.0 45.0 8.0 5.0 -10.0 21.0
23.0 1.0 26.0 -4.0 5.0 -33.0 -3.0 -6.0 3.0 -9.0 -6.0 -23.0 6.0 3.0 13.0 17.0 1.0 5.0 -5.0 7.0 12.0 4.0 7.0 -16.0 10.0 6.0 -2.0 -1.0 -19.0 -23.0 -14.0 -30.0 44.0 12.0 22.0 -14.0 -6.0 -18.0 -20.0 34.0 -51.0 -41.0 -44.0 -65.0 71.0 -60.0 59.0 53.0 9.0 30.0 -84.0 69.0 -89.0 -32.0 -198.0 518.0 207.0 625.0 1150.0 112.0 -1105.0 -2882.0 -24645.0 0.0 96408.0 17467.0 -2345.0 974.0 -197.0 551.0 -461.0 -47.0 -136.0 8.0 -57.0 -18.0 -9.0 108.0 38.0 -34.0 51.0 -29.0 -78.0 45.0 16.0 -1.0 -5.0 1.0 -19.0 -23.0 -5.0 17.0 42.0 7.0 2.0 -9.0 -3.0 24.0 -9.0 24.0
1.0 12.0 6.0 4.0 -7.0 -36.0 -6.0 28.0 -8.0 -3.0 0.0 -2.0 -12.0 5.0 -1.0 -7.0 20.0 -3.0 -11.0 -3.0 -11.0 23.0 1.0 -5.0 21.0 -8.0 -8.0 -12.0 0.0 27.0 4.0 16.0 6.0 27.0 43.0 18.0 7.0 -17.0 -21.0 -7.0 -51.0 -30.0 34.0 42.0 -18.0 6.0 99.0 70.0 -139.0 -42.0 35.0 37.0 -252.0 -55.0 78.0 56.0 255.0 -52.0 290.0 -219.0 -1999.0 -104.0 21436.0 96408.0 0.0 -71055.0 -362.0 -7.0 -1035.0 328.0 477.0 202.0 -293.0 548.0 144.0 159.0 52.0 170.0 -270.0 86.0 -46.0 74.0 -64.0 -23.0 71.0 18.0 -47.0 -9.0 -65.0 -42.0 16.0 -13.0 -7.0 -36.0 3.0 22.0 -36.0 2.0 27.0 -3.0
20.0 9.0 26.0 7.0 3.0 4.0 2.0 -11.0 2.0 21.0 -6.0 13.0 -6.0 0.0 -9.0 -6.0 -6.0 13.0 -3.0 -7.0 -13.0 -4.0 2.0 -10.0 3.0 -18.0 21.0 -13.0 -25.0 -9.0 29.0 17.0 -1.0 24.0 -27.0 -27.0 16.0 -15.0 1.0 7.0 -53.0 73.0 19.0 -49.0 7.0 36.0 42.0 45.0 18.0 50.0 113.0 -53.0 77.0 -12.0 154.0 -13.0 -568.0 97.0 109.0 -418.0 1782.0 3917.0 -2547.0 17467.0 -71055.0 0.0 -84020.0 2565.0 -1553.0 475.0 660.0 -621.0 120.0 -325.0 288.0 64.0 84.0 111.0 66.0 -235.0 -35.0 70.0 -85.0 -56.0 -3.0 18.0 -83.0 22.0 -3.0 33.0 -67.0 -16.0 17.0 -10.0 0.0 -2.0 -21.0 -4.0 -28.0 7.0
17.0 8.0 -1.0 -10.0 4.0 18.0 -19.0 -10.0 19.0 -7.0 -3.0 4.0 13.0 -2.0 23.0 2.0 -5.0 2.0 -7.0 9.0 -2.0 -14.0 -6.0 -25.0 12.0 13.0 24.0 -26.0 4.0 -3.0 5.0 11.0 -38.0 5.0 2.0 0.0 -9.0 -18.0 -35.0 10.0 45.0 -7.0 -36.0 32.0 9.0 2.0 17.0 -35.0 -4.0 37.0 71.0 42.0 -69.0 -58.0 -278.0 -377.0 -276.0 130.0 -372.0 -74.0 193.0 1873.0 -1765.0 -2345.0 -362.0 -84020.0 0.0 -8471.0 -9209.0 3151.0 1275.0 -1408.0 -1192.0 -333.0 -178.0 12.0 66.0 -107.0 117.0 -25.0 -143.0 -78.0 -54.0 -108.0 -81.0 -45.0 92.0 98.0 -21.0 61.0 19.0 -34.0 15.0 -32.0 5.0 0.0 4.0 -22.0 -7.0 -5.0
2.0 -5.0 16.0 -31.0 2.0 -7.0 5.0 3.0 13.0 -18.0 -3.0 25.0 2.0 7.0 6.0 9.0 -2.0 -12.0 10.0 22.0 -17.0 -19.0 10.0 -9.0 -13.0 2.0 16.0 -2.0 4.0 -19.0 23.0 27.0 -4.0 -25.0 -5.0 2.0 -29.0 16.0 3.0 55.0 7.0 37.0 -30.0 26.0 -15.0 -24.0 -23.0 26.0 62.0 70.0 -93.0 34.0 56.0 97.0 -193.0 228.0 -28.0 146.0 -217.0 809.0 -10.0 -141.0 990.0 974.0 -7.0 2565.0 -8471.0 0.0 -50317.0 6025.0 -3919.0 691.0 -97.0 -573.0 -476.0 -11.0 -523.0 294.0 -175.0 10.0 -185.0 72.0 44.0 53.0 56.0 1.0 17.0 -37.0 -36.0 -55.0 -20.0 -15.0 -27.0 56.0 -40.0 17.0 -2.0 7.0 -1.0 5.0
11.0 5.0 6.0 6.0 -17.0 -5.0 -5.0 27.0 -4.0 -7.0 0.0 8.0 19.0 -6.0 -11.0 -22.0 14.0 20.0 0.0 1.0 15.0 13.0 -3.0 -10.0 -15.0 1.0 9.0 20.0 -3.0 -10.0 -10.0 -5.0 -1.0 -31.0 -3.0 8.0 -14.0 13.0 33.0 16.0 -37.0 2.0 -70.0 17.0 -23.0 -62.0 -61.0 -8.0 18.0 66.0 25.0 29.0 -53.0 133.0 152.0 66.0 -8.0 34.0 -240.0 -152.0 -142.0 -764.0 177.0 -197.0 -1035.0 -1553.0 -9209.0 -50317.0 0.0 24130.0 6339.0 -4759.0 -436.0 412.0 -370.0 828.0 -438.0 -143.0 89.0 -158.0 -57.0 -70.0 -90.0 -1.0 48.0 45.0 2.0 -24.0 9.0 -38.0 -15.0 -52.0 -19.0 -22.0 81.0 28.0 9.0 7.0 -33.0 -10.0
-3.0 19.0 -19.0 -8.0 6.0 12.0 10.0 3.0 20.0 9.0 17.0 8.0 13.0 6.0 12.0 -8.0 4.0 11.0 -14.0 -1.0 -9.0 8.0 18.0 3.0 12.0 -19.0 20.0 9.0 2.0 -24.0 14.0 7.0 -5.0 11.0 18.0 20.0 7.0 -42.0 3.0 3.0 -7.0 25.0 -54.0 1.0 -16.0 -8.0 -20.0 17.0 -35.0 -8.0 -2.0 58.0 3.0 238.0 104.0 -20.0 147.0 -166.0 -166.0 -294.0 -436.0 376.0 -299.0 551.0 328.0 475.0 3151.0 6025.0 24130.0 0.0 -94406.0 13929.0 -785.0 -30.0 -1515.0 -1124.0 520.0 391.0 -377.0 -4.0 -180.0 150.0 74.0 168.0 -2.0 -30.0 56.0 45.0 35.0 63.0 61.0 15.0 -1.0 -41.0 -49.0 17.0 -2.0 7.0 -14.0 -2.0
36.0 14.0 -7.0 13.0 -28.0 15.0 -6.0 -16.0 5.0 -6.0 -14.0 0.0 3.0 7.0 0.0 -2.0 -8.0 12.0 3.0 9.0 -18.0 -2.0 -7.0 4.0 15.0 3.0 6.0 3.0 -27.0 14.0 27.0 21.0 0.0 0.0 27.0 -18.0 2.0 -12.0 -20.0 -11.0 28.0 -19.0 -13.0 -60.0 -14.0 3.0 2.0 23.0 2.0 79.0 -19.0 -5.0 -36.0 -50.0 -63.0 -15.0 -144.0 -14.0 90.0 -177.0 24.0 15.0 178.0 -461.0 477.0 660.0 1275.0 -3919.0 6339.0 -94406.0 0.0 1586.0 6314.0 -2469.0 556.0 997.0 -157.0 182.0 -12.0 186.0 -288.0 2.0 -74.0 136.0 29.0 -34.0 -17.0 0.0 1.0 -104.0 62.0 7.0 -29.0 -18.0 28.0 -45.0 -38.0 32.0 -15.0 -3.0
-8.0 11.0 -8.0 6.0 2.0 -5.0 13.0 19.0 7.0 -8.0 -7.0 25.0 -2.0 12.0 10.0 12.0 31.0 -4.0 -33.0 -12.0 5.0 14.0 -12.0 1.0 -18.0 9.0 3.0 9.0 -11.0 5.0 16.0 -13.0 -2.0 6.0 -16.0 -13.0 -3.0 19.0 2.0 -17.0 -7.0 -11.0 12.0 -18.0 23.0 -50.0 -25.0 24.0 21.0 18.0 -29.0 -14.0 -86.0 87.0 59.0 -137.0 -82.0 48.0 -67.0 15.0 -78.0 21.0 -68.0 -47.0 202.0 -621.0 -1408.0 691.0 -4759.0 13929.0 1586.0 0.0 -126064.0 -5641.0 -2952.0 -2038.0 900.0 -1452.0 -964.0 578.0 -245.0 -493.0 23.0 -175.0 -38.0 -121.0 153.0 52.0 -13.0 -1.0 7.0 12.0 11.0 48.0 14.0 0.0 -11.0 51.0 23.0 -34.0
