0.0 23422.0 -5121.0 -2265.0 483.0 -655.0 -168.0 -216.0 -129.0 85.0 11.0 38.0 -35.0 9.0 2.0 -21.0 -16.0 7.0 -7.0 11.0 -10.0 6.0 8.0 -4.0 -4.0 -1.0 -3.0 4.0 0.0 -3.0 0.0 4.0 -1.0 1.0 -4.0 1.0 -2.0 0.0 -5.0 -3.0 -2.0 0.0 -1.0 -3.0 0.0 -1.0 3.0 -3.0 -1.0 -1.0 1.0 -5.0 0.0 0.0 -5.0 5.0 0.0 -1.0 2.0 5.0 4.0 3.0 4.0 -1.0 -1.0 2.0 -1.0 -4.0 -4.0 -1.0 5.0 3.0 4.0 -1.0 1.0 -4.0 9.0 -3.0 1.0 -5.0 3.0 1.0 -10.0 -15.0 1.0 38.0 1.0 101.0 8.0 68.0 -31.0 48.0 -70.0 80.0 317.0 640.0 -1089.0 2095.0 1078.0 -43032.0
23422.0 0.0 -130640.0 7692.0 2811.0 -51.0 -82.0 27.0 -90.0 -139.0 86.0 35.0 75.0 42.0 12.0 30.0 -34.0 49.0 -11.0 2.0 13.0 -18.0 5.0 -2.0 23.0 2.0 -5.0 2.0 14.0 4.0 -3.0 1.0 0.0 2.0 -3.0 -1.0 -3.0 -1.0 -4.0 -1.0 -1.0 -2.0 -1.0 3.0 1.0 2.0 1.0 -1.0 0.0 -1.0 2.0 -3.0 -4.0 -1.0 0.0 0.0 1.0 -3.0 1.0 0.0 -3.0 4.0 -3.0 -4.0 -1.0 1.0 -1.0 1.0 -2.0 2.0 -4.0 -6.0 5.0 5.0 -10.0 -2.0 -3.0 -5.0 -11.0 10.0 1.0 -2.0 9.0 4.0 -17.0 34.0 -13.0 40.0 50.0 65.0 -4.0 38.0 102.0 -260.0 49.0 361.0 -493.0 93.0 246.0 -9994.0
-5121.0 -130640.0 0.0 103660.0 -3497.0 -90.0 863.0 -745.0 -77.0 163.0 -175.0 34.0 -63.0 14.0 -28.0 14.0 106.0 -1.0 -9.0 -10.0 -16.0 -9.0 15.0 3.0 -7.0 6.0 -5.0 12.0 -1.0 6.0 2.0 6.0 3.0 -2.0 1.0 3.0 2.0 0.0 -1.0 1.0 -2.0 -1.0 1.0 -4.0 -1.0 3.0 -1.0 0.0 -2.0 1.0 -1.0 0.0 0.0 4.0 0.0 2.0 3.0 3.0 1.0 4.0 2.0 -3.0 -2.0 2.0 1.0 0.0 3.0 -1.0 2.0 1.0 1.0 5.0 0.0 -4.0 5.0 -6.0 5.0 8.0 12.0 3.0 -5.0 11.0 11.0 -5.0 6.0 -17.0 15.0 -2.0 -19.0 7.0 4.0 100.0 3.0 140.0 73.0 -10.0 -62.0 149.0 -690.0 2250.0
-2265.0 7692.0 103660.0 0.0 118518.0 -9314.0 2022.0 -91.0 -114.0 -250.0 168.0 -324.0 18.0 24.0 -93.0 18.0 -35.0 -13.0 -25.0 -25.0 -7.0 12.0 23.0 11.0 5.0 -9.0 21.0 6.0 0.0 6.0 -9.0 -3.0 -3.0 -3.0 0.0 -5.0 -5.0 0.0 -5.0 -4.0 -2.0 1.0 4.0 0.0 -2.0 1.0 0.0 2.0 4.0 4.0 -1.0 4.0 -2.0 -5.0 0.0 3.0 2.0 0.0 2.0 3.0 3.0 -3.0 2.0 -3.0 0.0 0.0 1.0 1.0 0.0 6.0 3.0 1.0 1.0 3.0 -3.0 -5.0 -4.0 -10.0 -1.0 0.0 8.0 10.0 -10.0 3.0 -3.0 2.0 -1.0 15.0 -3.0 10.0 37.0 14.0 148.0 -13.0 -133.0 -83.0 -290.0 112.0 1175.0 -190.0
483.0 2811.0 -3497.0 118518.0 0.0 222394.0 1578.0 -4518.0 -1199.0 681.0 -309.0 -143.0 17.0 11.0 28.0 57.0 -21.0 23.0 -37.0 16.0 -8.0 -8.0 25.0 -11.0 -7.0 0.0 -2.0 -3.0 1.0 -3.0 -2.0 -1.0 -1.0 1.0 -4.0 -2.0 2.0 -3.0 0.0 -1.0 -5.0 3.0 1.0 3.0 0.0 -1.0 0.0 1.0 -6.0 -3.0 -2.0 -4.0 -1.0 3.0 2.0 -2.0 -3.0 1.0 -2.0 1.0 -1.0 -1.0 -3.0 0.0 1.0 -2.0 -2.0 5.0 5.0 3.0 0.0 2.0 -4.0 -3.0 0.0 -3.0 9.0 5.0 0.0 -7.0 0.0 13.0 11.0 -3.0 11.0 3.0 12.0 -18.0 -1.0 10.0 8.0 24.0 -55.0 33.0 3.0 -166.0 -14.0 -329.0 -148.0 107.0
-655.0 -51.0 -90.0 -9314.0 222394.0 0.0 5742.0 -10463.0 -217.0 -329.0 160.0 50.0 -153.0 98.0 -59.0 -39.0 26.0 14.0 -36.0 16.0 -9.0 -3.0 32.0 -1.0 3.0 -13.0 -4.0 4.0 10.0 1.0 11.0 -2.0 -3.0 -6.0 0.0 1.0 1.0 0.0 -3.0 -3.0 1.0 1.0 0.0 1.0 3.0 0.0 0.0 -4.0 0.0 0.0 2.0 2.0 2.0 3.0 8.0 2.0 -2.0 -1.0 1.0 0.0 0.0 -3.0 -2.0 -3.0 0.0 -3.0 -1.0 -2.0 -2.0 1.0 -4.0 1.0 1.0 5.0 3.0 -5.0 1.0 4.0 5.0 0.0 2.0 5.0 5.0 -6.0 -6.0 4.0 16.0 1.0 20.0 22.0 11.0 36.0 -4.0 -72.0 -91.0 -11.0 -88.0 -123.0 182.0 39.0
-168.0 -82.0 863.0 2022.0 1578.0 5742.0 0.0 66037.0 9513.0 3319.0 529.0 185.0 -54.0 -123.0 41.0 -134.0 101.0 -29.0 4.0 70.0 -43.0 -48.0 -5.0 40.0 4.0 -17.0 9.0 -12.0 -7.0 -7.0 0.0 -9.0 8.0 -5.0 -14.0 -3.0 -2.0 -2.0 5.0 -1.0 5.0 -2.0 2.0 -3.0 -2.0 4.0 0.0 -1.0 0.0 3.0 0.0 -1.0 4.0 5.0 -1.0 0.0 -4.0 -1.0 5.0 -1.0 1.0 -3.0 1.0 -4.0 0.0 4.0 1.0 0.0 -6.0 1.0 3.0 0.0 7.0 0.0 9.0 4.0 -4.0 -8.0 -8.0 -5.0 9.0 -6.0 -7.0 15.0 12.0 -18.0 -3.0 15.0 20.0 -2.0 3.0 -31.0 -8.0 13.0 35.0 -20.0 -44.0 -62.0 54.0 124.0
-216.0 27.0 -745.0 -91.0 -4518.0 -10463.0 66037.0 0.0 -65364.0 -6577.0 -180.0 537.0 821.0 211.0 123.0 -66.0 66.0 -48.0 -47.0 101.0 -16.0 -31.0 5.0 -40.0 -12.0 -10.0 2.0 -5.0 -12.0 11.0 -5.0 7.0 2.0 1.0 -9.0 0.0 2.0 9.0 -3.0 2.0 4.0 -2.0 -3.0 3.0 -2.0 3.0 0.0 -2.0 1.0 0.0 4.0 2.0 -1.0 3.0 -1.0 2.0 -2.0 3.0 1.0 1.0 0.0 3.0 1.0 -2.0 0.0 -2.0 -2.0 1.0 1.0 -2.0 2.0 -1.0 -1.0 -4.0 0.0 -4.0 -7.0 -9.0 4.0 1.0 1.0 -3.0 2.0 -4.0 6.0 14.0 4.0 10.0 20.0 25.0 3.0 23.0 5.0 45.0 -19.0 22.0 -52.0 61.0 149.0 -66.0
-129.0 -90.0 -77.0 -114.0 -1199.0 -217.0 9513.0 -65364.0 0.0 -37457.0 -10288.0 -247.0 281.0 -217.0 158.0 -238.0 165.0 -73.0 11.0 80.0 7.0 101.0 28.0 4.0 22.0 -32.0 10.0 -8.0 4.0 7.0 4.0 7.0 -13.0 -8.0 -13.0 11.0 2.0 -2.0 -4.0 2.0 3.0 3.0 5.0 -3.0 3.0 -1.0 -2.0 0.0 -1.0 -1.0 -3.0 2.0 0.0 2.0 -1.0 -1.0 -3.0 0.0 0.0 1.0 -2.0 0.0 -3.0 0.0 -4.0 1.0 1.0 0.0 2.0 2.0 -7.0 -2.0 0.0 -3.0 -6.0 3.0 2.0 -7.0 0.0 0.0 -3.0 -1.0 7.0 1.0 -3.0 -5.0 -1.0 -15.0 -10.0 -13.0 6.0 7.0 39.0 5.0 -84.0 19.0 36.0 34.0 30.0 -76.0
85.0 -139.0 163.0 -250.0 681.0 -329.0 3319.0 -6577.0 -37457.0 0.0 65694.0 5808.0 2002.0 -1576.0 183.0 289.0 401.0 19.0 -5.0 36.0 -42.0 17.0 33.0 3.0 -1.0 -10.0 0.0 -9.0 11.0 13.0 7.0 -1.0 -7.0 -4.0 7.0 -3.0 -9.0 0.0 -2.0 -2.0 -2.0 -3.0 -6.0 0.0 -1.0 1.0 -2.0 -2.0 -1.0 2.0 2.0 1.0 0.0 4.0 3.0 4.0 -5.0 -4.0 3.0 0.0 0.0 0.0 2.0 1.0 2.0 1.0 0.0 -1.0 0.0 -1.0 3.0 -3.0 0.0 -3.0 -2.0 -1.0 2.0 -8.0 3.0 2.0 1.0 -3.0 1.0 -5.0 -8.0 0.0 -8.0 -12.0 3.0 2.0 9.0 21.0 5.0 -11.0 -33.0 -41.0 -26.0 -30.0 -83.0 40.0
11.0 86.0 -175.0 168.0 -309.0 160.0 529.0 -180.0 -10288.0 65694.0 0.0 82078.0 -1295.0 85.0 165.0 -1005.0 553.0 -213.0 60.0 38.0 -29.0 40.0 -9.0 52.0 27.0 -8.0 -9.0 -15.0 -1.0 -13.0 5.0 -2.0 -10.0 1.0 -3.0 -8.0 -7.0 -4.0 -1.0 -1.0 8.0 5.0 -5.0 -5.0 1.0 3.0 0.0 2.0 -2.0 -4.0 0.0 -1.0 -4.0 2.0 -5.0 1.0 0.0 2.0 2.0 -2.0 -1.0 4.0 3.0 2.0 1.0 3.0 -3.0 1.0 2.0 0.0 0.0 -1.0 2.0 -2.0 -3.0 0.0 0.0 4.0 4.0 3.0 -10.0 1.0 3.0 -5.0 -7.0 1.0 8.0 -10.0 1.0 14.0 1.0 -10.0 -2.0 1.0 -15.0 51.0 -48.0 -50.0 77.0 52.0
38.0 35.0 34.0 -324.0 -143.0 50.0 185.0 537.0 -247.0 5808.0 82078.0 0.0 73282.0 10419.0 4191.0 -169.0 161.0 -87.0 -172.0 89.0 -134.0 189.0 56.0 29.0 -41.0 -12.0 -23.0 28.0 28.0 4.0 -3.0 -28.0 -1.0 14.0 -6.0 -3.0 -2.0 9.0 0.0 4.0 -6.0 4.0 2.0 -1.0 -1.0 2.0 -1.0 1.0 3.0 -1.0 -1.0 2.0 4.0 2.0 0.0 -4.0 -2.0 0.0 -1.0 2.0 5.0 2.0 2.0 0.0 2.0 4.0 1.0 -1.0 1.0 2.0 5.0 0.0 0.0 -1.0 -2.0 0.0 5.0 0.0 -1.0 3.0 3.0 -2.0 -5.0 -4.0 -1.0 1.0 -2.0 2.0 7.0 5.0 16.0 -9.0 -14.0 -16.0 5.0 -18.0 -24.0 14.0 -21.0 -13.0
-35.0 75.0 -63.0 18.0 17.0 -153.0 -54.0 821.0 281.0 2002.0 -1295.0 73282.0 0.0 -13928.0 3747.0 4803.0 1009.0 -11.0 -110.0 -145.0 -151.0 165.0 82.0 -154.0 -23.0 -54.0 31.0 -52.0 -9.0 1.0 -3.0 -8.0 32.0 -6.0 5.0 -4.0 -4.0 -4.0 3.0 -9.0 7.0 -4.0 3.0 -3.0 -3.0 -2.0 -6.0 -3.0 -2.0 1.0 -1.0 0.0 -4.0 2.0 1.0 6.0 2.0 0.0 1.0 2.0 1.0 2.0 3.0 1.0 -5.0 2.0 -1.0 -1.0 -4.0 0.0 3.0 -3.0 0.0 -1.0 -2.0 4.0 -1.0 -5.0 -4.0 -5.0 -1.0 1.0 0.0 8.0 -5.0 0.0 5.0 -5.0 -11.0 3.0 9.0 5.0 -5.0 8.0 1.0 -3.0 20.0 -34.0 7.0 -19.0
9.0 42.0 14.0 24.0 11.0 98.0 -123.0 211.0 -217.0 -1576.0 85.0 10419.0 -13928.0 0.0 36958.0 3228.0 3392.0 1117.0 260.0 -6.0 -88.0 -119.0 83.0 51.0 -85.0 22.0 1.0 -31.0 21.0 10.0 -21.0 4.0 -5.0 2.0 5.0 6.0 4.0 9.0 1.0 -12.0 -3.0 1.0 1.0 8.0 2.0 1.0 -2.0 3.0 -7.0 1.0 -2.0 1.0 -5.0 5.0 0.0 -5.0 -1.0 4.0 1.0 2.0 -5.0 -2.0 1.0 -1.0 0.0 0.0 0.0 -2.0 4.0 -3.0 -3.0 1.0 -3.0 5.0 1.0 1.0 0.0 2.0 2.0 2.0 -7.0 0.0 3.0 3.0 0.0 -4.0 -2.0 8.0 -3.0 -16.0 14.0 -17.0 5.0 -5.0 -26.0 4.0 -15.0 21.0 -9.0 20.0
2.0 12.0 -28.0 -93.0 28.0 -59.0 41.0 123.0 158.0 183.0 165.0 4191.0 3747.0 36958.0 0.0 -19663.0 -11063.0 3654.0 -1690.0 -272.0 -129.0 344.0 23.0 61.0 72.0 -13.0 0.0 -20.0 -77.0 9.0 43.0 -13.0 17.0 18.0 6.0 1.0 -1.0 -6.0 -3.0 -5.0 4.0 -1.0 8.0 1.0 5.0 -2.0 -2.0 2.0 -1.0 5.0 1.0 -3.0 1.0 -1.0 -1.0 1.0 1.0 -2.0 0.0 1.0 -1.0 -4.0 -1.0 1.0 -4.0 0.0 -1.0 1.0 -3.0 -2.0 -1.0 0.0 2.0 2.0 2.0 2.0 2.0 0.0 -4.0 2.0 0.0 -4.0 -5.0 -3.0 3.0 0.0 -7.0 1.0 2.0 -2.0 3.0 6.0 -11.0 -7.0 -2.0 -4.0 -5.0 11.0 0.0 0.0
-21.0 30.0 14.0 18.0 57.0 -39.0 -134.0 -66.0 -238.0 289.0 -1005.0 -169.0 4803.0 3228.0 -19663.0 0.0 -88688.0 6794.0 -600.0 81.0 -337.0 -505.0 99.0 201.0 -72.0 -56.0 102.0 12.0 -21.0 -38.0 15.0 7.0 4.0 -2.0 -3.0 -12.0 -3.0 -6.0 -12.0 0.0 -5.0 4.0 -1.0 -2.0 -3.0 0.0 -7.0 -3.0 -3.0 3.0 -2.0 -2.0 1.0 2.0 -4.0 -1.0 -3.0 2.0 2.0 3.0 -1.0 -4.0 -2.0 0.0 1.0 -2.0 6.0 3.0 0.0 2.0 1.0 0.0 -1.0 0.0 3.0 1.0 -2.0 7.0 2.0 -7.0 3.0 -9.0 0.0 -4.0 1.0 6.0 0.0 0.0 -4.0 -6.0 -3.0 2.0 2.0 -13.0 -15.0 6.0 4.0 -16.0 -3.0 -4.0
-16.0 -34.0 106.0 -35.0 -21.0 26.0 101.0 66.0 165.0 401.0 553.0 161.0 1009.0 3392.0 -11063.0 -88688.0 0.0 75664.0 -15947.0 -260.0 514.0 21.0 126.0 259.0 25.0 -20.0 -31.0 -15.0 -17.0 -33.0 -41.0 18.0 6.0 -15.0 7.0 16.0 1.0 -1.0 1.0 -1.0 -8.0 4.0 2.0 -1.0 3.0 4.0 -7.0 3.0 1.0 -3.0 0.0 -4.0 -2.0 4.0 1.0 -3.0 2.0 6.0 -1.0 1.0 0.0 1.0 0.0 2.0 -1.0 -4.0 -2.0 1.0 0.0 0.0 -2.0 0.0 4.0 -2.0 0.0 6.0 4.0 4.0 -4.0 -3.0 2.0 0.0 -4.0 4.0 -6.0 5.0 -5.0 -1.0 0.0 -1.0 4.0 -10.0 4.0 5.0 -12.0 6.0 -1.0 -18.0 9.0 27.0
7.0 49.0 -1.0 -13.0 23.0 14.0 -29.0 -48.0 -73.0 19.0 -213.0 -87.0 -11.0 1117.0 3654.0 6794.0 75664.0 0.0 -24897.0 8772.0 -6160.0 -348.0 -385.0 -98.0 35.0 -278.0 -12.0 -54.0 -26.0 34.0 13.0 64.0 70.0 9.0 8.0 -13.0 -2.0 -13.0 5.0 0.0 2.0 6.0 -7.0 -8.0 -7.0 4.0 -5.0 6.0 -1.0 -2.0 -3.0 -1.0 -1.0 2.0 4.0 -1.0 2.0 -1.0 4.0 1.0 1.0 3.0 1.0 -3.0 1.0 -2.0 -1.0 1.0 -3.0 -1.0 -2.0 0.0 -5.0 0.0 -1.0 -5.0 1.0 1.0 -3.0 7.0 4.0 -3.0 2.0 3.0 1.0 -3.0 0.0 5.0 3.0 -2.0 5.0 3.0 -2.0 0.0 7.0 -7.0 -13.0 -3.0 -6.0 -2.0
-7.0 -11.0 -9.0 -25.0 -37.0 -36.0 4.0 -47.0 11.0 -5.0 60.0 -172.0 -110.0 260.0 -1690.0 -600.0 -15947.0 -24897.0 0.0 -57959.0 41.0 3098.0 -194.0 689.0 -143.0 -238.0 -284.0 -73.0 -15.0 -11.0 70.0 -31.0 -6.0 9.0 10.0 28.0 -2.0 -9.0 15.0 -14.0 -8.0 8.0 -2.0 3.0 5.0 -7.0 -4.0 -3.0 7.0 0.0 -5.0 1.0 4.0 -1.0 -2.0 3.0 -2.0 1.0 -6.0 0.0 -2.0 -3.0 -5.0 -4.0 1.0 0.0 6.0 3.0 4.0 -2.0 -4.0 1.0 2.0 -1.0 0.0 0.0 -3.0 -3.0 0.0 -2.0 -1.0 2.0 0.0 6.0 3.0 3.0 0.0 1.0 -5.0 -2.0 5.0 -10.0 1.0 1.0 -6.0 -1.0 6.0 7.0 8.0 -14.0
11.0 2.0 -10.0 -25.0 16.0 16.0 70.0 101.0 80.0 36.0 38.0 89.0 -145.0 -6.0 -272.0 81.0 -260.0 8772.0 -57959.0 0.0 41311.0 4242.0 -1498.0 -599.0 617.0 128.0 -26.0 -243.0 88.0 -25.0 2.0 74.0 -35.0 -18.0 -24.0 -5.0 19.0 -17.0 19.0 -7.0 9.0 2.0 18.0 10.0 1.0 5.0 3.0 2.0 -1.0 -3.0 -2.0 -5.0 -2.0 -4.0 1.0 5.0 0.0 1.0 3.0 0.0 -2.0 -6.0 3.0 0.0 1.0 1.0 0.0 -1.0 -1.0 0.0 1.0 4.0 -1.0 4.0 -4.0 -2.0 -1.0 0.0 1.0 -4.0 -1.0 1.0 -1.0 -3.0 -5.0 2.0 1.0 1.0 -2.0 5.0 2.0 -3.0 -3.0 -6.0 -6.0 5.0 12.0 0.0 -2.0 -6.0
-10.0 13.0 -16.0 -7.0 -8.0 -9.0 -43.0 -16.0 7.0 -42.0 -29.0 -134.0 -151.0 -88.0 -129.0 -337.0 514.0 -6160.0 41.0 41311.0 0.0 -2023.0 13080.0 -2597.0 2376.0 -115.0 -124.0 333.0 12.0 -100.0 -131.0 -25.0 4.0 -15.0 6.0 -34.0 3.0 1.0 0.0 9.0 -13.0 -11.0 8.0 8.0 -4.0 3.0 -1.0 -9.0 3.0 -3.0 -5.0 2.0 -4.0 -1.0 2.0 4.0 3.0 5.0 -1.0 -3.0 -3.0 1.0 0.0 3.0 -1.0 -1.0 -5.0 0.0 0.0 -3.0 0.0 -1.0 -1.0 -2.0 -1.0 2.0 2.0 0.0 2.0 0.0 -5.0 7.0 1.0 -1.0 1.0 4.0 6.0 3.0 1.0 -3.0 -4.0 -2.0 2.0 -2.0 2.0 3.0 -1.0 -12.0 12.0 -9.0
6.0 -18.0 -9.0 12.0 -8.0 -3.0 -48.0 -31.0 101.0 17.0 40.0 189.0 165.0 -119.0 344.0 -505.0 21.0 -348.0 3098.0 4242.0 -2023.0 0.0 -15079.0 12.0 691.0 1311.0 -408.0 -35.0 -210.0 -119.0 134.0 -137.0 90.0 -46.0 17.0 19.0 -7.0 15.0 -10.0 8.0 -13.0 21.0 -2.0 2.0 0.0 2.0 5.0 3.0 2.0 -5.0 2.0 2.0 -1.0 4.0 2.0 -7.0 -1.0 0.0 0.0 -1.0 1.0 6.0 2.0 3.0 3.0 1.0 -3.0 5.0 -1.0 -1.0 1.0 -1.0 -2.0 1.0 -1.0 1.0 2.0 4.0 -3.0 1.0 3.0 1.0 -2.0 3.0 2.0 2.0 -2.0 -5.0 -5.0 -2.0 -2.0 4.0 -1.0 -3.0 -3.0 -1.0 -2.0 -6.0 0.0 6.0
8.0 5.0 15.0 23.0 25.0 32.0 -5.0 5.0 28.0 33.0 -9.0 56.0 82.0 83.0 23.0 99.0 126.0 -385.0 -194.0 -1498.0 13080.0 -15079.0 0.0 157024.0 130.0 -1013.0 -2343.0 -346.0 -286.0 54.0 -228.0 -42.0 -22.0 -2.0 10.0 -45.0 -9.0 45.0 -10.0 -5.0 23.0 7.0 -8.0 25.0 -4.0 -4.0 -6.0 -15.0 14.0 0.0 -1.0 -1.0 -2.0 2.0 -1.0 -2.0 0.0 -3.0 3.0 10.0 0.0 0.0 3.0 -2.0 -1.0 0.0 -1.0 -3.0 -1.0 3.0 -2.0 -1.0 0.0 0.0 0.0 1.0 2.0 -1.0 3.0 -2.0 2.0 -4.0 0.0 2.0 -1.0 0.0 -2.0 1.0 -1.0 -4.0 4.0 5.0 1.0 -8.0 0.0 2.0 -9.0 -11.0 1.0 0.0
-4.0 -2.0 3.0 11.0 -11.0 -1.0 40.0 -40.0 4.0 3.0 52.0 29.0 -154.0 51.0 61.0 201.0 259.0 -98.0 689.0 -599.0 -2597.0 12.0 157024.0 0.0 42039.0 -1512.0 -1263.0 -1454.0 -91.0 79.0 -43.0 -141.0 89.0 -4.0 17.0 -83.0 33.0 0.0 12.0 -19.0 1.0 -2.0 -18.0 12.0 12.0 -10.0 8.0 2.0 -3.0 1.0 1.0 0.0 7.0 -9.0 -9.0 4.0 3.0 -2.0 0.0 -6.0 -1.0 0.0 -5.0 1.0 0.0 -1.0 3.0 -2.0 2.0 1.0 -2.0 2.0 -3.0 2.0 -3.0 -3.0 -1.0 -1.0 -2.0 -1.0 2.0 1.0 -1.0 -2.0 1.0 0.0 -1.0 2.0 1.0 6.0 3.0 0.0 2.0 5.0 6.0 1.0 -6.0 -7.0 -9.0 0.0
-4.0 23.0 -7.0 5.0 -7.0 3.0 4.0 -12.0 22.0 -1.0 27.0 -41.0 -23.0 -85.0 72.0 -72.0 25.0 35.0 -143.0 617.0 2376.0 691.0 130.0 42039.0 0.0 -56383.0 3019.0 -253.0 -314.0 722.0 -172.0 -222.0 -33.0 99.0 28.0 -67.0 -30.0 21.0 -4.0 20.0 20.0 23.0 12.0 -3.0 -1.0 -4.0 15.0 10.0 0.0 15.0 0.0 -4.0 2.0 2.0 4.0 4.0 2.0 -2.0 1.0 -1.0 0.0 -2.0 -4.0 -2.0 -2.0 1.0 2.0 -4.0 1.0 1.0 1.0 3.0 2.0 -1.0 0.0 -4.0 0.0 2.0 0.0 4.0 1.0 -1.0 1.0 3.0 0.0 2.0 -2.0 0.0 2.0 5.0 0.0 4.0 5.0 -12.0 0.0 2.0 2.0 -13.0 3.0 7.0
-1.0 2.0 6.0 -9.0 0.0 -13.0 -17.0 -10.0 -32.0 -10.0 -8.0 -12.0 -54.0 22.0 -13.0 -56.0 -20.0 -278.0 -238.0 128.0 -115.0 1311.0 -1013.0 -1512.0 -56383.0 0.0 2740.0 13675.0 2219.0 -537.0 329.0 -266.0 -448.0 -135.0 73.0 39.0 113.0 17.0 9.0 38.0 34.0 7.0 0.0 7.0 12.0 -18.0 -13.0 -20.0 -12.0 2.0 7.0 10.0 6.0 -2.0 0.0 0.0 6.0 4.0 1.0 -6.0 3.0 -2.0 1.0 0.0 4.0 -2.0 -3.0 1.0 0.0 -4.0 3.0 2.0 -1.0 0.0 2.0 1.0 -3.0 -5.0 -2.0 1.0 4.0 0.0 2.0 -4.0 2.0 0.0 2.0 -4.0 0.0 1.0 2.0 -1.0 4.0 0.0 3.0 6.0 -4.0 3.0 4.0 -3.0
-3.0 -5.0 -5.0 21.0 -2.0 -4.0 9.0 2.0 10.0 0.0 -9.0 -23.0 31.0 1.0 0.0 102.0 -31.0 -12.0 -284.0 -26.0 -124.0 -408.0 -2343.0 -1263.0 3019.0 2740.0 0.0 -82813.0 -13962.0 -3128.0 -400.0 -849.0 -444.0 -90.0 -77.0 162.0 -44.0 52.0 28.0 -24.0 20.0 -14.0 35.0 10.0 -18.0 23.0 2.0 16.0 0.0 -13.0 9.0 -3.0 -3.0 9.0 -6.0 7.0 6.0 2.0 1.0 -4.0 -2.0 7.0 0.0 2.0 -1.0 0.0 0.0 1.0 -1.0 -1.0 2.0 -3.0 0.0 -1.0 2.0 2.0 -6.0 1.0 1.0 -1.0 -1.0 3.0 3.0 -2.0 -3.0 -1.0 -3.0 4.0 0.0 -3.0 -3.0 -3.0 -2.0 0.0 0.0 -7.0 -5.0 5.0 -2.0 10.0
4.0 2.0 12.0 6.0 -3.0 4.0 -12.0 -5.0 -8.0 -9.0 -15.0 28.0 -52.0 -31.0 -20.0 12.0 -15.0 -54.0 -73.0 -243.0 333.0 -35.0 -346.0 -1454.0 -253.0 13675.0 -82813.0 0.0 -101013.0 3679.0 3022.0 -1799.0 -197.0 245.0 -150.0 -41.0 143.0 -36.0 -31.0 -42.0 -11.0 -34.0 6.0 -16.0 17.0 13.0 1.0 -9.0 3.0 -1.0 -4.0 -8.0 -8.0 1.0 -4.0 -6.0 0.0 -1.0 -4.0 -3.0 -4.0 2.0 -3.0 3.0 -3.0 4.0 0.0 -2.0 -2.0 0.0 1.0 1.0 2.0 0.0 2.0 0.0 2.0 -2.0 2.0 -3.0 1.0 2.0 0.0 0.0 2.0 -2.0 3.0 1.0 0.0 1.0 -2.0 8.0 2.0 0.0 -2.0 1.0 -3.0 4.0 0.0 -3.0
0.0 14.0 -1.0 0.0 1.0 10.0 -7.0 -12.0 4.0 11.0 -1.0 28.0 -9.0 21.0 -77.0 -21.0 -17.0 -26.0 -15.0 88.0 12.0 -210.0 -286.0 -91.0 -314.0 2219.0 -13962.0 -101013.0 0.0 1698.0 -6501.0 3640.0 -816.0 -709.0 -88.0 44.0 -64.0 -136.0 -93.0 -14.0 -20.0 8.0 2.0 -14.0 -7.0 -7.0 -1.0 -2.0 -2.0 0.0 -7.0 6.0 -4.0 4.0 -5.0 -2.0 11.0 -5.0 -2.0 1.0 2.0 -1.0 -3.0 2.0 3.0 1.0 -5.0 -1.0 0.0 1.0 4.0 1.0 3.0 -2.0 4.0 3.0 0.0 -1.0 -1.0 -1.0 -1.0 1.0 2.0 3.0 -1.0 -5.0 -3.0 -2.0 -2.0 -2.0 -1.0 -3.0 1.0 4.0 -4.0 4.0 -4.0 -3.0 -4.0 -2.0
-3.0 4.0 6.0 6.0 -3.0 1.0 -7.0 11.0 7.0 13.0 -13.0 4.0 1.0 10.0 9.0 -38.0 -33.0 34.0 -11.0 -25.0 -100.0 -119.0 54.0 79.0 722.0 -537.0 -3128.0 3679.0 1698.0 0.0 102311.0 -4644.0 1478.0 29.0 218.0 155.0 70.0 -55.0 84.0 106.0 34.0 -5.0 123.0 27.0 36.0 30.0 10.0 14.0 14.0 11.0 8.0 -8.0 9.0 0.0 -2.0 0.0 5.0 14.0 -2.0 -1.0 -4.0 5.0 -3.0 3.0 2.0 0.0 0.0 -3.0 -4.0 3.0 2.0 0.0 -2.0 1.0 3.0 -1.0 -5.0 -2.0 -3.0 0.0 4.0 -1.0 -1.0 3.0 -4.0 -1.0 3.0 2.0 3.0 -5.0 -3.0 -2.0 0.0 -5.0 -2.0 -1.0 -3.0 -3.0 4.0 4.0
0.0 -3.0 2.0 -9.0 -2.0 11.0 0.0 -5.0 4.0 7.0 5.0 -3.0 -3.0 -21.0 43.0 15.0 -41.0 13.0 70.0 2.0 -131.0 134.0 -228.0 -43.0 -172.0 329.0 -400.0 3022.0 -6501.0 102311.0 0.0 37958.0 -16681.0 2396.0 1654.0 844.0 -57.0 50.0 -119.0 25.0 -28.0 -93.0 -7.0 2.0 -25.0 -21.0 -42.0 25.0 10.0 -6.0 2.0 -5.0 -5.0 0.0 -5.0 -6.0 -3.0 -2.0 7.0 -2.0 8.0 4.0 -5.0 -7.0 1.0 -3.0 2.0 -1.0 -7.0 6.0 -1.0 -1.0 -2.0 1.0 1.0 1.0 -2.0 -3.0 0.0 0.0 0.0 -1.0 -4.0 -2.0 -5.0 2.0 -1.0 -1.0 2.0 -1.0 3.0 1.0 1.0 -1.0 1.0 3.0 5.0 -5.0 0.0 -3.0
4.0 1.0 6.0 -3.0 -1.0 -2.0 -9.0 7.0 7.0 -1.0 -2.0 -28.0 -8.0 4.0 -13.0 7.0 18.0 64.0 -31.0 74.0 -25.0 -137.0 -42.0 -141.0 -222.0 -266.0 -849.0 -1799.0 3640.0 -4644.0 37958.0 0.0 73502.0 -3463.0 1915.0 232.0 -504.0 241.0 342.0 82.0 -48.0 50.0 -93.0 -9.0 110.0 -34.0 -10.0 14.0 3.0 9.0 15.0 5.0 -20.0 8.0 1.0 -2.0 -1.0 -12.0 -4.0 -1.0 6.0 -7.0 0.0 4.0 -3.0 -2.0 1.0 -3.0 -1.0 -2.0 -4.0 3.0 -1.0 3.0 3.0 -2.0 -2.0 -5.0 2.0 0.0 0.0 0.0 0.0 5.0 -1.0 1.0 -1.0 4.0 -3.0 -1.0 0.0 0.0 1.0 1.0 -1.0 -1.0 6.0 4.0 7.0 -3.0
-1.0 0.0 3.0 -3.0 -1.0 -3.0 8.0 2.0 -13.0 -7.0 -10.0 -1.0 32.0 -5.0 17.0 4.0 6.0 70.0 -6.0 -35.0 4.0 90.0 -22.0 89.0 -33.0 -448.0 -444.0 -197.0 -816.0 1478.0 -16681.0 73502.0 0.0 -64483.0 15384.0 2926.0 927.0 -454.0 -248.0 211.0 -2.0 26.0 52.0 27.0 20.0 52.0 -58.0 21.0 9.0 10.0 5.0 -15.0 15.0 0.0 12.0 3.0 12.0 -9.0 -7.0 -9.0 0.0 1.0 2.0 -1.0 -3.0 0.0 -3.0 -6.0 2.0 0.0 2.0 4.0 0.0 0.0 -1.0 -1.0 4.0 -1.0 0.0 1.0 0.0 1.0 2.0 -2.0 4.0 -3.0 -1.0 -1.0 2.0 6.0 2.0 0.0 -4.0 -5.0 3.0 1.0 1.0 3.0 2.0 2.0
1.0 2.0 -2.0 -3.0 1.0 -6.0 -5.0 1.0 -8.0 -4.0 1.0 14.0 -6.0 2.0 18.0 -2.0 -15.0 9.0 9.0 -18.0 -15.0 -46.0 -2.0 -4.0 99.0 -135.0 -90.0 245.0 -709.0 29.0 2396.0 -3463.0 -64483.0 0.0 74210.0 18054.0 2376.0 -822.0 10.0 -52.0 23.0 -148.0 -109.0 -72.0 -66.0 35.0 12.0 -35.0 -64.0 -13.0 7.0 13.0 -5.0 -11.0 -7.0 -4.0 -3.0 0.0 3.0 1.0 -7.0 3.0 -1.0 2.0 -3.0 1.0 4.0 -3.0 2.0 1.0 2.0 -5.0 -1.0 0.0 1.0 1.0 5.0 1.0 1.0 0.0 -2.0 -3.0 0.0 2.0 1.0 -2.0 1.0 0.0 -5.0 -1.0 -1.0 -2.0 0.0 0.0 9.0 0.0 0.0 -1.0 -4.0 -3.0
-4.0 -3.0 1.0 0.0 -4.0 0.0 -14.0 -9.0 -13.0 7.0 -3.0 -6.0 5.0 5.0 6.0 -3.0 7.0 8.0 10.0 -24.0 6.0 17.0 10.0 17.0 28.0 73.0 -77.0 -150.0 -88.0 218.0 1654.0 1915.0 15384.0 74210.0 0.0 -94420.0 7022.0 2995.0 -1633.0 530.0 609.0 -134.0 176.0 -114.0 59.0 -50.0 4.0 17.0 16.0 -16.0 14.0 2.0 -11.0 0.0 10.0 14.0 5.0 -3.0 4.0 -8.0 -2.0 -10.0 7.0 2.0 -5.0 -4.0 5.0 -3.0 -1.0 0.0 2.0 -1.0 1.0 2.0 4.0 1.0 -1.0 0.0 0.0 -1.0 6.0 2.0 3.0 -2.0 1.0 3.0 -2.0 2.0 -3.0 -2.0 0.0 -2.0 -2.0 0.0 0.0 -5.0 -2.0 2.0 -1.0 7.0
1.0 -1.0 3.0 -5.0 -2.0 1.0 -3.0 0.0 11.0 -3.0 -8.0 -3.0 -4.0 6.0 1.0 -12.0 16.0 -13.0 28.0 -5.0 -34.0 19.0 -45.0 -83.0 -67.0 39.0 162.0 -41.0 44.0 155.0 844.0 232.0 2926.0 18054.0 -94420.0 0.0 87031.0 9555.0 -2213.0 362.0 707.0 -499.0 79.0 -148.0 157.0 -78.0 25.0 55.0 -9.0 48.0 -11.0 27.0 -9.0 11.0 -12.0 -8.0 -6.0 -1.0 -3.0 0.0 0.0 1.0 4.0 -6.0 -2.0 -2.0 -1.0 -1.0 -3.0 1.0 -3.0 -1.0 -1.0 -3.0 3.0 -3.0 2.0 0.0 2.0 -1.0 2.0 -5.0 0.0 -2.0 1.0 -1.0 -4.0 2.0 1.0 2.0 -1.0 -2.0 2.0 -3.0 -2.0 1.0 0.0 5.0 0.0 3.0
-2.0 -3.0 2.0 -5.0 2.0 1.0 -2.0 2.0 2.0 -9.0 -7.0 -2.0 -4.0 4.0 -1.0 -3.0 1.0 -2.0 -2.0 19.0 3.0 -7.0 -9.0 33.0 -30.0 113.0 -44.0 143.0 -64.0 70.0 -57.0 -504.0 927.0 2376.0 7022.0 87031.0 0.0 -14935.0 -3107.0 -3201.0 471.0 -880.0 190.0 -333.0 -122.0 45.0 243.0 -4.0 1.0 -21.0 15.0 -25.0 20.0 25.0 -16.0 -5.0 -4.0 -12.0 -4.0 18.0 -7.0 -5.0 2.0 -6.0 3.0 0.0 -4.0 -6.0 0.0 -1.0 2.0 0.0 0.0 -5.0 -2.0 0.0 0.0 1.0 0.0 -3.0 0.0 0.0 -2.0 -3.0 -2.0 0.0 0.0 -1.0 1.0 5.0 2.0 -2.0 -2.0 -1.0 4.0 -2.0 2.0 4.0 -3.0 0.0
0.0 -1.0 0.0 0.0 -3.0 0.0 -2.0 9.0 -2.0 0.0 -4.0 9.0 -4.0 9.0 -6.0 -6.0 -1.0 -13.0 -9.0 -17.0 1.0 15.0 45.0 0.0 21.0 17.0 52.0 -36.0 -136.0 -55.0 50.0 241.0 -454.0 -822.0 2995.0 9555.0 -14935.0 0.0 -54699.0 3191.0 -3118.0 543.0 -2.0 -544.0 176.0 -260.0 14.0 23.0 20.0 -21.0 60.0 -5.0 -9.0 13.0 -1.0 11.0 13.0 10.0 3.0 5.0 4.0 -1.0 -4.0 -4.0 1.0 -6.0 -6.0 -1.0 2.0 -1.0 4.0 2.0 3.0 -4.0 5.0 -2.0 -5.0 2.0 1.0 -3.0 -2.0 -2.0 0.0 3.0 3.0 0.0 2.0 -2.0 -3.0 -2.0 5.0 -1.0 -5.0 -4.0 3.0 -2.0 1.0 0.0 0.0 3.0
-5.0 -4.0 -1.0 -5.0 0.0 -3.0 5.0 -3.0 -4.0 -2.0 -1.0 0.0 3.0 1.0 -3.0 -12.0 1.0 5.0 15.0 19.0 0.0 -10.0 -10.0 12.0 -4.0 9.0 28.0 -31.0 -93.0 84.0 -119.0 342.0 -248.0 10.0 -1633.0 -2213.0 -3107.0 -54699.0 0.0 33778.0 -2469.0 -5121.0 -221.0 313.0 -18.0 92.0 8.0 -29.0 -43.0 75.0 11.0 39.0 31.0 42.0 -10.0 11.0 1.0 -3.0 -16.0 7.0 -4.0 -3.0 6.0 -12.0 14.0 -1.0 -2.0 -9.0 -2.0 0.0 1.0 -6.0 -3.0 1.0 0.0 1.0 2.0 2.0 0.0 -3.0 4.0 1.0 1.0 1.0 0.0 -2.0 1.0 1.0 -5.0 -2.0 4.0 0.0 -1.0 -3.0 2.0 -1.0 -3.0 1.0 -2.0 -3.0
-3.0 -1.0 1.0 -4.0 -1.0 -3.0 -1.0 2.0 2.0 -2.0 -1.0 4.0 -9.0 -12.0 -5.0 0.0 -1.0 0.0 -14.0 -7.0 9.0 8.0 -5.0 -19.0 20.0 38.0 -24.0 -42.0 -14.0 106.0 25.0 82.0 211.0 -52.0 530.0 362.0 -3201.0 3191.0 33778.0 0.0 76224.0 10514.0 -905.0 515.0 234.0 -187.0 -98.0 -57.0 47.0 -72.0 45.0 36.0 15.0 14.0 -17.0 16.0 -15.0 -2.0 5.0 -9.0 -3.0 4.0 -6.0 -10.0 -7.0 -14.0 -7.0 -2.0 4.0 -2.0 2.0 -6.0 1.0 5.0 1.0 -5.0 -5.0 3.0 2.0 0.0 -1.0 3.0 -1.0 -3.0 3.0 -2.0 -4.0 2.0 4.0 2.0 -1.0 -3.0 -3.0 1.0 -4.0 0.0 0.0 -1.0 1.0 0.0
-2.0 -1.0 -2.0 -2.0 -5.0 1.0 5.0 4.0 3.0 -2.0 8.0 -6.0 7.0 -3.0 4.0 -5.0 -8.0 2.0 -8.0 9.0 -13.0 -13.0 23.0 1.0 20.0 34.0 20.0 -11.0 -20.0 34.0 -28.0 -48.0 -2.0 23.0 609.0 707.0 471.0 -3118.0 -2469.0 76224.0 0.0 30369.0 -4076.0 611.0 -1178.0 -280.0 -165.0 -72.0 24.0 55.0 -182.0 42.0 -78.0 14.0 -30.0 13.0 -8.0 37.0 -1.0 1.0 -9.0 8.0 -1.0 -3.0 -2.0 4.0 -6.0 -1.0 -3.0 9.0 5.0 1.0 -1.0 3.0 -2.0 -3.0 -2.0 1.0 3.0 -5.0 0.0 2.0 2.0 -2.0 1.0 1.0 -2.0 2.0 -2.0 -1.0 2.0 1.0 2.0 -2.0 1.0 1.0 -1.0 -4.0 -1.0 -1.0
0.0 -2.0 -1.0 1.0 3.0 1.0 -2.0 -2.0 3.0 -3.0 5.0 4.0 -4.0 1.0 -1.0 4.0 4.0 6.0 8.0 2.0 -11.0 21.0 7.0 -2.0 23.0 7.0 -14.0 -34.0 8.0 -5.0 -93.0 50.0 26.0 -148.0 -134.0 -499.0 -880.0 543.0 -5121.0 10514.0 30369.0 0.0 -23981.0 -1975.0 -1243.0 -3400.0 719.0 189.0 -257.0 -133.0 -10.0 2.0 12.0 15.0 25.0 -29.0 3.0 -15.0 11.0 -22.0 -8.0 3.0 -5.0 2.0 3.0 -3.0 -6.0 -1.0 1.0 2.0 5.0 5.0 -6.0 -5.0 -1.0 1.0 3.0 0.0 4.0 2.0 2.0 1.0 1.0 0.0 -1.0 -7.0 0.0 5.0 0.0 -2.0 -2.0 -3.0 -1.0 1.0 0.0 -1.0 -5.0 0.0 -2.0 0.0
-1.0 -1.0 1.0 4.0 1.0 0.0 2.0 -3.0 5.0 -6.0 -5.0 2.0 3.0 1.0 8.0 -1.0 2.0 -7.0 -2.0 18.0 8.0 -2.0 -8.0 -18.0 12.0 0.0 35.0 6.0 2.0 123.0 -7.0 -93.0 52.0 -109.0 176.0 79.0 190.0 -2.0 -221.0 -905.0 -4076.0 -23981.0 0.0 136381.0 -11692.0 -1106.0 127.0 -229.0 2.0 -151.0 -102.0 -140.0 -135.0 50.0 66.0 -25.0 7.0 -8.0 -4.0 -2.0 -9.0 19.0 -17.0 5.0 -11.0 3.0 5.0 -8.0 0.0 0.0 8.0 -1.0 2.0 -2.0 6.0 -1.0 -1.0 4.0 -3.0 0.0 3.0 -2.0 1.0 0.0 0.0 -2.0 0.0 -1.0 -3.0 -4.0 -2.0 1.0 -1.0 0.0 -3.0 -2.0 -1.0 -1.0 1.0 -4.0
-3.0 3.0 -4.0 0.0 3.0 1.0 -3.0 3.0 -3.0 0.0 -5.0 -1.0 -3.0 8.0 1.0 -2.0 -1.0 -8.0 3.0 10.0 8.0 2.0 25.0 12.0 -3.0 7.0 10.0 -16.0 -14.0 27.0 2.0 -9.0 27.0 -72.0 -114.0 -148.0 -333.0 -544.0 313.0 515.0 611.0 -1975.0 136381.0 0.0 -53704.0 -583.0 -2764.0 -380.0 63.0 30.0 107.0 162.0 -54.0 -27.0 73.0 -18.0 1.0 -21.0 -32.0 -16.0 1.0 26.0 8.0 -2.0 -3.0 10.0 -4.0 -3.0 -5.0 3.0 -3.0 7.0 3.0 3.0 -6.0 3.0 -8.0 1.0 2.0 -2.0 0.0 4.0 2.0 1.0 -1.0 -2.0 0.0 2.0 0.0 0.0 4.0 -1.0 -4.0 3.0 -2.0 0.0 -4.0 1.0 0.0 -1.0
0.0 1.0 -1.0 -2.0 0.0 3.0 -2.0 -2.0 3.0 -1.0 1.0 -1.0 -3.0 2.0 5.0 -3.0 3.0 -7.0 5.0 1.0 -4.0 0.0 -4.0 12.0 -1.0 12.0 -18.0 17.0 -7.0 36.0 -25.0 110.0 20.0 -66.0 59.0 157.0 -122.0 176.0 -18.0 234.0 -1178.0 -1243.0 -11692.0 -53704.0 0.0 81074.0 -2165.0 -879.0 424.0 -69.0 423.0 74.0 -45.0 -84.0 31.0 -24.0 1.0 -9.0 13.0 -15.0 -4.0 -9.0 7.0 -1.0 -4.0 8.0 0.0 9.0 -8.0 -3.0 3.0 -6.0 -6.0 -6.0 -3.0 -2.0 -1.0 -11.0 -1.0 5.0 0.0 0.0 1.0 -5.0 4.0 -1.0 1.0 0.0 0.0 -2.0 1.0 -8.0 -4.0 2.0 4.0 2.0 1.0 -1.0 -2.0 1.0
-1.0 2.0 3.0 1.0 -1.0 0.0 4.0 3.0 -1.0 1.0 3.0 2.0 -2.0 1.0 -2.0 0.0 4.0 4.0 -7.0 5.0 3.0 2.0 -4.0 -10.0 -4.0 -18.0 23.0 13.0 -7.0 30.0 -21.0 -34.0 52.0 35.0 -50.0 -78.0 45.0 -260.0 92.0 -187.0 -280.0 -3400.0 -1106.0 -583.0 81074.0 0.0 59001.0 -14273.0 689.0 -423.0 425.0 -69.0 510.0 8.0 -123.0 -37.0 31.0 4.0 31.0 24.0 1.0 3.0 -5.0 -8.0 -5.0 -14.0 14.0 -1.0 -6.0 5.0 -7.0 11.0 -4.0 0.0 0.0 4.0 1.0 -3.0 -3.0 -3.0 5.0 1.0 0.0 2.0 -3.0 2.0 -1.0 1.0 -2.0 0.0 0.0 -1.0 0.0 3.0 1.0 -2.0 -1.0 -1.0 0.0 1.0
3.0 1.0 -1.0 0.0 0.0 0.0 0.0 0.0 -2.0 -2.0 0.0 -1.0 -6.0 -2.0 -2.0 -7.0 -7.0 -5.0 -4.0 3.0 -1.0 5.0 -6.0 8.0 15.0 -13.0 2.0 1.0 -1.0 10.0 -42.0 -10.0 -58.0 12.0 4.0 25.0 243.0 14.0 8.0 -98.0 -165.0 719.0 127.0 -2764.0 -2165.0 59001.0 0.0 -66388.0 -7061.0 3195.0 1197.0 -579.0 -18.0 142.0 -73.0 -145.0 -50.0 51.0 4.0 -25.0 51.0 -15.0 -30.0 14.0 -14.0 2.0 -2.0 7.0 -4.0 11.0 1.0 0.0 8.0 4.0 8.0 -10.0 1.0 0.0 2.0 0.0 3.0 -1.0 1.0 -1.0 -2.0 2.0 3.0 -3.0 -1.0 2.0 -3.0 -1.0 -3.0 3.0 0.0 2.0 1.0 1.0 -4.0 4.0
-3.0 -1.0 0.0 2.0 1.0 -4.0 -1.0 -2.0 0.0 -2.0 2.0 1.0 -3.0 3.0 2.0 -3.0 3.0 6.0 -3.0 2.0 -9.0 3.0 -15.0 2.0 10.0 -20.0 16.0 -9.0 -2.0 14.0 25.0 14.0 21.0 -35.0 17.0 55.0 -4.0 23.0 -29.0 -57.0 -72.0 189.0 -229.0 -380.0 -879.0 -14273.0 -66388.0 0.0 -62535.0 992.0 -648.0 -782.0 467.0 128.0 -281.0 158.0 -24.0 -39.0 17.0 3.0 4.0 38.0 49.0 23.0 -7.0 7.0 9.0 27.0 -15.0 0.0 10.0 -10.0 -3.0 -8.0 4.0 6.0 5.0 3.0 3.0 -1.0 4.0 3.0 2.0 -1.0 -3.0 0.0 1.0 0.0 0.0 1.0 -1.0 -1.0 3.0 1.0 2.0 1.0 1.0 3.0 1.0 2.0
-1.0 0.0 -2.0 4.0 -6.0 0.0 0.0 1.0 -1.0 -1.0 -2.0 3.0 -2.0 -7.0 -1.0 -3.0 1.0 -1.0 7.0 -1.0 3.0 2.0 14.0 -3.0 0.0 -12.0 0.0 3.0 -2.0 14.0 10.0 3.0 9.0 -64.0 16.0 -9.0 1.0 20.0 -43.0 47.0 24.0 -257.0 2.0 63.0 424.0 689.0 -7061.0 -62535.0 0.0 46144.0 3089.0 -2974.0 998.0 -603.0 213.0 -96.0 -53.0 25.0 36.0 29.0 -52.0 -13.0 -7.0 -18.0 6.0 -32.0 4.0 -5.0 4.0 -7.0 -12.0 -3.0 6.0 1.0 4.0 12.0 -4.0 5.0 -4.0 3.0 -1.0 4.0 -1.0 -1.0 -2.0 4.0 2.0 5.0 -2.0 -3.0 2.0 -4.0 -1.0 0.0 3.0 1.0 3.0 -1.0 -2.0 -1.0
-1.0 -1.0 1.0 4.0 -3.0 0.0 3.0 0.0 -1.0 2.0 -4.0 -1.0 1.0 1.0 5.0 3.0 -3.0 -2.0 0.0 -3.0 -3.0 -5.0 0.0 1.0 15.0 2.0 -13.0 -1.0 0.0 11.0 -6.0 9.0 10.0 -13.0 -16.0 48.0 -21.0 -21.0 75.0 -72.0 55.0 -133.0 -151.0 30.0 -69.0 -423.0 3195.0 992.0 46144.0 0.0 15102.0 6202.0 -6041.0 1976.0 325.0 -76.0 -54.0 -178.0 12.0 105.0 -15.0 65.0 21.0 -17.0 -16.0 -9.0 -19.0 -5.0 7.0 -4.0 -4.0 4.0 2.0 14.0 6.0 -2.0 2.0 1.0 0.0 -1.0 -1.0 -11.0 1.0 -2.0 3.0 0.0 1.0 -3.0 2.0 -1.0 2.0 1.0 -3.0 0.0 -1.0 0.0 1.0 1.0 -2.0 -3.0
1.0 2.0 -1.0 -1.0 -2.0 2.0 0.0 4.0 -3.0 2.0 0.0 -1.0 -1.0 -2.0 1.0 -2.0 0.0 -3.0 -5.0 -2.0 -5.0 2.0 -1.0 1.0 0.0 7.0 9.0 -4.0 -7.0 8.0 2.0 15.0 5.0 7.0 14.0 -11.0 15.0 60.0 11.0 45.0 -182.0 -10.0 -102.0 107.0 423.0 425.0 1197.0 -648.0 3089.0 15102.0 0.0 -2692.0 -3530.0 3905.0 -504.0 300.0 -439.0 -171.0 -125.0 205.0 -58.0 26.0 -54.0 -10.0 -11.0 -35.0 -5.0 -20.0 -3.0 -1.0 -7.0 -6.0 -9.0 -2.0 4.0 -1.0 5.0 7.0 0.0 4.0 -2.0 3.0 3.0 3.0 -2.0 0.0 2.0 3.0 3.0 2.0 3.0 -3.0 -2.0 -2.0 -2.0 0.0 0.0 -2.0 2.0 -3.0
-5.0 -3.0 0.0 4.0 -4.0 2.0 -1.0 2.0 2.0 1.0 -1.0 2.0 0.0 1.0 -3.0 -2.0 -4.0 -1.0 1.0 -5.0 2.0 2.0 -1.0 0.0 -4.0 10.0 -3.0 -8.0 6.0 -8.0 -5.0 5.0 -15.0 13.0 2.0 27.0 -25.0 -5.0 39.0 36.0 42.0 2.0 -140.0 162.0 74.0 -69.0 -579.0 -782.0 -2974.0 6202.0 -2692.0 0.0 -89737.0 -2178.0 23.0 707.0 -500.0 490.0 398.0 38.0 55.0 -48.0 -39.0 -14.0 18.0 -12.0 1.0 -3.0 33.0 -10.0 -16.0 26.0 2.0 5.0 2.0 7.0 -2.0 -13.0 4.0 0.0 -2.0 -6.0 0.0 -3.0 0.0 0.0 -1.0 0.0 0.0 -1.0 -4.0 -2.0 0.0 -2.0 1.0 -3.0 -2.0 -2.0 2.0 -1.0
0.0 -4.0 0.0 -2.0 -1.0 2.0 4.0 -1.0 0.0 0.0 -4.0 4.0 -4.0 -5.0 1.0 1.0 -2.0 -1.0 4.0 -2.0 -4.0 -1.0 -2.0 7.0 2.0 6.0 -3.0 -8.0 -4.0 9.0 -5.0 -20.0 15.0 -5.0 -11.0 -9.0 20.0 -9.0 31.0 15.0 -78.0 12.0 -135.0 -54.0 -45.0 510.0 -18.0 467.0 998.0 -6041.0 -3530.0 -89737.0 0.0 124538.0 -3114.0 661.0 -265.0 -490.0 -461.0 109.0 40.0 31.0 -165.0 74.0 14.0 -9.0 4.0 18.0 -3.0 -6.0 -14.0 -24.0 -25.0 15.0 -4.0 -4.0 14.0 -1.0 9.0 2.0 3.0 0.0 -1.0 -3.0 6.0 -1.0 0.0 -5.0 2.0 0.0 1.0 4.0 2.0 2.0 2.0 -1.0 -2.0 -2.0 -4.0 -3.0
0.0 -1.0 4.0 -5.0 3.0 3.0 5.0 3.0 2.0 4.0 2.0 2.0 2.0 5.0 -1.0 2.0 4.0 2.0 -1.0 -4.0 -1.0 4.0 2.0 -9.0 2.0 -2.0 9.0 1.0 4.0 0.0 0.0 8.0 0.0 -11.0 0.0 11.0 25.0 13.0 42.0 14.0 14.0 15.0 50.0 -27.0 -84.0 8.0 142.0 128.0 -603.0 1976.0 3905.0 -2178.0 124538.0 0.0 105413.0 1883.0 1901.0 -1482.0 -785.0 -303.0 -226.0 68.0 29.0 75.0 -76.0 70.0 39.0 -22.0 21.0 -12.0 -4.0 -11.0 9.0 8.0 -2.0 16.0 -16.0 -4.0 -2.0 0.0 0.0 0.0 4.0 -1.0 5.0 -3.0 -3.0 -2.0 3.0 -5.0 0.0 -6.0 -1.0 4.0 -1.0 1.0 0.0 2.0 -2.0 -4.0
-5.0 0.0 0.0 0.0 2.0 8.0 -1.0 -1.0 -1.0 3.0 -5.0 0.0 1.0 0.0 -1.0 -4.0 1.0 4.0 -2.0 1.0 2.0 2.0 -1.0 -9.0 4.0 0.0 -6.0 -4.0 -5.0 -2.0 -5.0 1.0 12.0 -7.0 10.0 -12.0 -16.0 -1.0 -10.0 -17.0 -30.0 25.0 66.0 73.0 31.0 -123.0 -73.0 -281.0 213.0 325.0 -504.0 23.0 -3114.0 105413.0 0.0 -183342.0 -6458.0 -2018.0 -126.0 -305.0 -465.0 197.0 177.0 195.0 -222.0 -173.0 -80.0 39.0 -13.0 27.0 20.0 -5.0 -2.0 10.0 0.0 -3.0 -8.0 5.0 1.0 -4.0 -1.0 -3.0 2.0 -4.0 -3.0 -3.0 1.0 -2.0 -3.0 -3.0 -2.0 -3.0 1.0 -3.0 -1.0 -2.0 -2.0 -1.0 5.0 -1.0
5.0 0.0 2.0 3.0 -2.0 2.0 0.0 2.0 -1.0 4.0 1.0 -4.0 6.0 -5.0 1.0 -1.0 -3.0 -1.0 3.0 5.0 4.0 -7.0 -2.0 4.0 4.0 0.0 7.0 -6.0 -2.0 0.0 -6.0 -2.0 3.0 -4.0 14.0 -8.0 -5.0 11.0 11.0 16.0 13.0 -29.0 -25.0 -18.0 -24.0 -37.0 -145.0 158.0 -96.0 -76.0 300.0 707.0 661.0 1883.0 -183342.0 0.0 69333.0 -19189.0 47.0 1787.0 -501.0 -433.0 -72.0 -59.0 109.0 23.0 1.0 22.0 -17.0 -67.0 -8.0 -49.0 -16.0 -2.0 10.0 12.0 -11.0 2.0 10.0 4.0 -1.0 7.0 -8.0 1.0 1.0 0.0 2.0 3.0 3.0 2.0 5.0 -1.0 0.0 4.0 1.0 -3.0 -3.0 4.0 1.0 -1.0
0.0 1.0 3.0 2.0 -3.0 -2.0 -4.0 -2.0 -3.0 -5.0 0.0 -2.0 2.0 -1.0 1.0 -3.0 2.0 2.0 -2.0 0.0 3.0 -1.0 0.0 3.0 2.0 6.0 6.0 0.0 11.0 5.0 -3.0 -1.0 12.0 -3.0 5.0 -6.0 -4.0 13.0 1.0 -15.0 -8.0 3.0 7.0 1.0 1.0 31.0 -50.0 -24.0 -53.0 -54.0 -439.0 -500.0 -265.0 1901.0 -6458.0 69333.0 0.0 -3428.0 -5338.0 5327.0 -1213.0 -79.0 496.0 -131.0 -159.0 51.0 -123.0 85.0 -15.0 8.0 -41.0 -25.0 -4.0 13.0 5.0 -12.0 -10.0 6.0 3.0 -11.0 3.0 1.0 9.0 1.0 2.0 0.0 -8.0 1.0 -2.0 0.0 -6.0 -4.0 3.0 0.0 3.0 6.0 0.0 -1.0 2.0 -4.0
-1.0 -3.0 3.0 0.0 1.0 -1.0 -1.0 3.0 0.0 -4.0 2.0 0.0 0.0 4.0 -2.0 2.0 6.0 -1.0 1.0 1.0 5.0 0.0 -3.0 -2.0 -2.0 4.0 2.0 -1.0 -5.0 14.0 -2.0 -12.0 -9.0 0.0 -3.0 -1.0 -12.0 10.0 -3.0 -2.0 37.0 -15.0 -8.0 -21.0 -9.0 4.0 51.0 -39.0 25.0 -178.0 -171.0 490.0 -490.0 -1482.0 -2018.0 -19189.0 -3428.0 0.0 -15048.0 -3766.0 1485.0 -2279.0 112.0 31.0 161.0 204.0 -166.0 -72.0 8.0 -51.0 10.0 -13.0 23.0 12.0 2.0 -4.0 -14.0 23.0 12.0 3.0 0.0 -11.0 -2.0 7.0 2.0 -4.0 4.0 -9.0 1.0 -2.0 0.0 -3.0 1.0 -3.0 -3.0 -5.0 -2.0 -4.0 -2.0 -2.0
2.0 1.0 1.0 2.0 -2.0 1.0 5.0 1.0 0.0 3.0 2.0 -1.0 1.0 1.0 0.0 2.0 -1.0 4.0 -6.0 3.0 -1.0 0.0 3.0 0.0 1.0 1.0 1.0 -4.0 -2.0 -2.0 7.0 -4.0 -7.0 3.0 4.0 -3.0 -4.0 3.0 -16.0 5.0 -1.0 11.0 -4.0 -32.0 13.0 31.0 4.0 17.0 36.0 12.0 -125.0 398.0 -461.0 -785.0 -126.0 47.0 -5338.0 -15048.0 0.0 93028.0 -6976.0 1119.0 3.0 -707.0 -379.0 0.0 85.0 147.0 -71.0 29.0 -25.0 -56.0 46.0 26.0 25.0 8.0 -29.0 12.0 -3.0 -3.0 -6.0 13.0 -10.0 5.0 0.0 -2.0 -3.0 -3.0 -2.0 -8.0 2.0 3.0 2.0 -3.0 5.0 -5.0 -5.0 0.0 -3.0 1.0
5.0 0.0 4.0 3.0 1.0 0.0 -1.0 1.0 1.0 0.0 -2.0 2.0 2.0 2.0 1.0 3.0 1.0 1.0 0.0 0.0 -3.0 -1.0 10.0 -6.0 -1.0 -6.0 -4.0 -3.0 1.0 -1.0 -2.0 -1.0 -9.0 1.0 -8.0 0.0 18.0 5.0 7.0 -9.0 1.0 -22.0 -2.0 -16.0 -15.0 24.0 -25.0 3.0 29.0 105.0 205.0 38.0 109.0 -303.0 -305.0 1787.0 5327.0 -3766.0 93028.0 0.0 -39088.0 -10818.0 -1549.0 -1693.0 -371.0 307.0 373.0 283.0 -66.0 91.0 85.0 -13.0 21.0 4.0 -30.0 8.0 -17.0 24.0 -4.0 -1.0 3.0 8.0 -6.0 15.0 -8.0 2.0 -7.0 2.0 7.0 4.0 -1.0 5.0 -7.0 -4.0 0.0 3.0 1.0 0.0 2.0 3.0
4.0 -3.0 2.0 3.0 -1.0 0.0 1.0 0.0 -2.0 0.0 -1.0 5.0 1.0 -5.0 -1.0 -1.0 0.0 1.0 -2.0 -2.0 -3.0 1.0 0.0 -1.0 0.0 3.0 -2.0 -4.0 2.0 -4.0 8.0 6.0 0.0 -7.0 -2.0 0.0 -7.0 4.0 -4.0 -3.0 -9.0 -8.0 -9.0 1.0 -4.0 1.0 51.0 4.0 -52.0 -15.0 -58.0 55.0 40.0 -226.0 -465.0 -501.0 -1213.0 1485.0 -6976.0 -39088.0 0.0 -17959.0 17502.0 -1752.0 -1351.0 -880.0 -384.0 70.0 -116.0 -27.0 71.0 66.0 9.0 6.0 1.0 19.0 -5.0 1.0 -2.0 1.0 11.0 8.0 1.0 10.0 -9.0 5.0 1.0 -3.0 -3.0 -1.0 -2.0 3.0 1.0 5.0 4.0 8.0 1.0 1.0 0.0 -2.0
3.0 4.0 -3.0 -3.0 -1.0 -3.0 -3.0 3.0 0.0 0.0 4.0 2.0 2.0 -2.0 -4.0 -4.0 1.0 3.0 -3.0 -6.0 1.0 6.0 0.0 0.0 -2.0 -2.0 7.0 2.0 -1.0 5.0 4.0 -7.0 1.0 3.0 -10.0 1.0 -5.0 -1.0 -3.0 4.0 8.0 3.0 19.0 26.0 -9.0 3.0 -15.0 38.0 -13.0 65.0 26.0 -48.0 31.0 68.0 197.0 -433.0 -79.0 -2279.0 1119.0 -10818.0 -17959.0 0.0 48164.0 -1999.0 -845.0 1729.0 403.0 43.0 -85.0 -341.0 -38.0 68.0 41.0 -10.0 10.0 8.0 14.0 9.0 -3.0 10.0 -8.0 -11.0 2.0 -7.0 -8.0 5.0 -8.0 12.0 2.0 -5.0 4.0 -3.0 5.0 -4.0 -4.0 0.0 3.0 -1.0 0.0 1.0
4.0 -3.0 -2.0 2.0 -3.0 -2.0 1.0 1.0 -3.0 2.0 3.0 2.0 3.0 1.0 -1.0 -2.0 0.0 1.0 -5.0 3.0 0.0 2.0 3.0 -5.0 -4.0 1.0 0.0 -3.0 -3.0 -3.0 -5.0 0.0 2.0 -1.0 7.0 4.0 2.0 -4.0 6.0 -6.0 -1.0 -5.0 -17.0 8.0 7.0 -5.0 -30.0 49.0 -7.0 21.0 -54.0 -39.0 -165.0 29.0 177.0 -72.0 496.0 112.0 3.0 -1549.0 17502.0 48164.0 0.0 -31406.0 8187.0 4823.0 -336.0 -246.0 105.0 239.0 27.0 -46.0 76.0 -1.0 52.0 -9.0 36.0 7.0 -8.0 5.0 27.0 6.0 11.0 -14.0 2.0 -14.0 0.0 -6.0 3.0 -14.0 4.0 1.0 4.0 3.0 0.0 3.0 11.0 0.0 -2.0 6.0
-1.0 -4.0 2.0 -3.0 0.0 -3.0 -4.0 -2.0 0.0 1.0 2.0 0.0 1.0 -1.0 1.0 0.0 2.0 -3.0 -4.0 0.0 3.0 3.0 -2.0 1.0 -2.0 0.0 2.0 3.0 2.0 3.0 -7.0 4.0 -1.0 2.0 2.0 -6.0 -6.0 -4.0 -12.0 -10.0 -3.0 2.0 5.0 -2.0 -1.0 -8.0 14.0 23.0 -18.0 -17.0 -10.0 -14.0 74.0 75.0 195.0 -59.0 -131.0 31.0 -707.0 -1693.0 -1752.0 -1999.0 -31406.0 0.0 -62103.0 1494.0 2526.0 -1262.0 -130.0 -403.0 33.0 -7.0 -4.0 52.0 65.0 -103.0 -35.0 51.0 21.0 -10.0 13.0 17.0 8.0 -13.0 0.0 9.0 2.0 5.0 -7.0 4.0 5.0 3.0 -1.0 2.0 -1.0 -7.0 -1.0 0.0 3.0 1.0
-1.0 -1.0 1.0 0.0 1.0 0.0 0.0 0.0 -4.0 2.0 1.0 2.0 -5.0 0.0 -4.0 1.0 -1.0 1.0 1.0 1.0 -1.0 3.0 -1.0 0.0 -2.0 4.0 -1.0 -3.0 3.0 2.0 1.0 -3.0 -3.0 -3.0 -5.0 -2.0 3.0 1.0 14.0 -7.0 -2.0 3.0 -11.0 -3.0 -4.0 -5.0 -14.0 -7.0 6.0 -16.0 -11.0 18.0 14.0 -76.0 -222.0 109.0 -159.0 161.0 -379.0 -371.0 -1351.0 -845.0 8187.0 -62103.0 0.0 19114.0 10937.0 -528.0 -161.0 392.0 -39.0 52.0 14.0 78.0 65.0 -72.0 -31.0 -74.0 15.0 14.0 51.0 -18.0 -5.0 -9.0 -3.0 -18.0 -9.0 5.0 -11.0 5.0 -8.0 1.0 7.0 3.0 2.0 -2.0 -2.0 1.0 2.0 3.0
2.0 1.0 0.0 0.0 -2.0 -3.0 4.0 -2.0 1.0 1.0 3.0 4.0 2.0 0.0 0.0 -2.0 -4.0 -2.0 0.0 1.0 -1.0 1.0 0.0 -1.0 1.0 -2.0 0.0 4.0 1.0 0.0 -3.0 -2.0 0.0 1.0 -4.0 -2.0 0.0 -6.0 -1.0 -14.0 4.0 -3.0 3.0 10.0 8.0 -14.0 2.0 7.0 -32.0 -9.0 -35.0 -12.0 -9.0 70.0 -173.0 23.0 51.0 204.0 0.0 307.0 -880.0 1729.0 4823.0 1494.0 19114.0 0.0 35930.0 3537.0 36.0 -326.0 -297.0 215.0 12.0 -121.0 114.0 -3.0 -5.0 -87.0 -13.0 -36.0 -23.0 -6.0 34.0 18.0 9.0 21.0 18.0 -16.0 -6.0 -1.0 5.0 -2.0 1.0 -1.0 4.0 -9.0 0.0 0.0 8.0 3.0
-1.0 -1.0 3.0 1.0 -2.0 -1.0 1.0 -2.0 1.0 0.0 -3.0 1.0 -1.0 0.0 -1.0 6.0 -2.0 -1.0 6.0 0.0 -5.0 -3.0 -1.0 3.0 2.0 -3.0 0.0 0.0 -5.0 0.0 2.0 1.0 -3.0 4.0 5.0 -1.0 -4.0 -6.0 -2.0 -7.0 -6.0 -6.0 5.0 -4.0 0.0 14.0 -2.0 9.0 4.0 -19.0 -5.0 1.0 4.0 39.0 -80.0 1.0 -123.0 -166.0 85.0 373.0 -384.0 403.0 -336.0 2526.0 10937.0 35930.0 0.0 12268.0 -1502.0 88.0 634.0 321.0 -158.0 -70.0 -283.0 -62.0 -130.0 -26.0 30.0 3.0 -1.0 5.0 -33.0 -21.0 -4.0 7.0 -8.0 2.0 4.0 4.0 3.0 4.0 -7.0 -5.0 -1.0 -3.0 -3.0 -8.0 4.0 -3.0
-4.0 1.0 -1.0 1.0 5.0 -2.0 0.0 1.0 0.0 -1.0 1.0 -1.0 -1.0 -2.0 1.0 3.0 1.0 1.0 3.0 -1.0 0.0 5.0 -3.0 -2.0 -4.0 1.0 1.0 -2.0 -1.0 -3.0 -1.0 -3.0 -6.0 -3.0 -3.0 -1.0 -6.0 -1.0 -9.0 -2.0 -1.0 -1.0 -8.0 -3.0 9.0 -1.0 7.0 27.0 -5.0 -5.0 -20.0 -3.0 18.0 -22.0 39.0 22.0 85.0 -72.0 147.0 283.0 70.0 43.0 -246.0 -1262.0 -528.0 3537.0 12268.0 0.0 11536.0 1633.0 3165.0 -1461.0 1114.0 -102.0 185.0 -211.0 43.0 -57.0 92.0 14.0 -64.0 -10.0 11.0 -23.0 37.0 -13.0 -2.0 21.0 5.0 3.0 -7.0 1.0 1.0 9.0 3.0 0.0 -3.0 -2.0 2.0 1.0
-4.0 -2.0 2.0 0.0 5.0 -2.0 -6.0 1.0 2.0 0.0 2.0 1.0 -4.0 4.0 -3.0 0.0 0.0 -3.0 4.0 -1.0 0.0 -1.0 -1.0 2.0 1.0 0.0 -1.0 -2.0 0.0 -4.0 -7.0 -1.0 2.0 2.0 -1.0 -3.0 0.0 2.0 -2.0 4.0 -3.0 1.0 0.0 -5.0 -8.0 -6.0 -4.0 -15.0 4.0 7.0 -3.0 33.0 -3.0 21.0 -13.0 -17.0 -15.0 8.0 -71.0 -66.0 -116.0 -85.0 105.0 -130.0 -161.0 36.0 -1502.0 11536.0 0.0 72924.0 375.0 -1825.0 989.0 -90.0 341.0 -97.0 -154.0 -169.0 31.0 -5.0 -54.0 0.0 29.0 -25.0 -5.0 9.0 9.0 14.0 1.0 15.0 -1.0 6.0 6.0 4.0 -2.0 1.0 -9.0 -3.0 5.0 3.0
-1.0 2.0 1.0 6.0 3.0 1.0 1.0 -2.0 2.0 -1.0 0.0 2.0 0.0 -3.0 -2.0 2.0 0.0 -1.0 -2.0 0.0 -3.0 -1.0 3.0 1.0 1.0 -4.0 -1.0 0.0 1.0 3.0 6.0 -2.0 0.0 1.0 0.0 1.0 -1.0 -1.0 0.0 -2.0 9.0 2.0 0.0 3.0 -3.0 5.0 11.0 0.0 -7.0 -4.0 -1.0 -10.0 -6.0 -12.0 27.0 -67.0 8.0 -51.0 29.0 91.0 -27.0 -341.0 239.0 -403.0 392.0 -326.0 88.0 1633.0 72924.0 0.0 -63818.0 2210.0 -3186.0 278.0 -477.0 -226.0 165.0 86.0 -136.0 47.0 64.0 47.0 -1.0 32.0 -56.0 -8.0 18.0 -4.0 7.0 5.0 16.0 -16.0 3.0 1.0 7.0 8.0 -7.0 6.0 6.0 0.0
5.0 -4.0 1.0 3.0 0.0 -4.0 3.0 2.0 -7.0 3.0 0.0 5.0 3.0 -3.0 -1.0 1.0 -2.0 -2.0 -4.0 1.0 0.0 1.0 -2.0 -2.0 1.0 3.0 2.0 1.0 4.0 2.0 -1.0 -4.0 2.0 2.0 2.0 -3.0 2.0 4.0 1.0 2.0 5.0 5.0 8.0 -3.0 3.0 -7.0 1.0 10.0 -12.0 -4.0 -7.0 -16.0 -14.0 -4.0 20.0 -8.0 -41.0 10.0 -25.0 85.0 71.0 -38.0 27.0 33.0 -39.0 -297.0 634.0 3165.0 375.0 -63818.0 0.0 -64061.0 5259.0 3140.0 -86.0 1924.0 304.0 -68.0 174.0 -12.0 -74.0 110.0 22.0 -34.0 40.0 -11.0 -13.0 7.0 5.0 1.0 5.0 24.0 -3.0 -2.0 -2.0 -3.0 -11.0 2.0 -4.0 4.0
3.0 -6.0 5.0 1.0 2.0 1.0 0.0 -1.0 -2.0 -3.0 -1.0 0.0 -3.0 1.0 0.0 0.0 0.0 0.0 1.0 4.0 -1.0 -1.0 -1.0 2.0 3.0 2.0 -3.0 1.0 1.0 0.0 -1.0 3.0 4.0 -5.0 -1.0 -1.0 0.0 2.0 -6.0 -6.0 1.0 5.0 -1.0 7.0 -6.0 11.0 0.0 -10.0 -3.0 4.0 -6.0 26.0 -24.0 -11.0 -5.0 -49.0 -25.0 -13.0 -56.0 -13.0 66.0 68.0 -46.0 -7.0 52.0 215.0 321.0 -1461.0 -1825.0 2210.0 -64061.0 0.0 -8639.0 -5325.0 156.0 1002.0 -50.0 241.0 319.0 -333.0 -161.0 89.0 -56.0 13.0 75.0 36.0 3.0 2.0 -17.0 6.0 -40.0 27.0 -13.0 -3.0 -6.0 1.0 -4.0 6.0 1.0 -2.0
4.0 5.0 0.0 1.0 -4.0 1.0 7.0 -1.0 0.0 0.0 2.0 0.0 0.0 -3.0 2.0 -1.0 4.0 -5.0 2.0 -1.0 -1.0 -2.0 0.0 -3.0 2.0 -1.0 0.0 2.0 3.0 -2.0 -2.0 -1.0 0.0 -1.0 1.0 -1.0 0.0 3.0 -3.0 1.0 -1.0 -6.0 2.0 3.0 -6.0 -4.0 8.0 -3.0 6.0 2.0 -9.0 2.0 -25.0 9.0 -2.0 -16.0 -4.0 23.0 46.0 21.0 9.0 41.0 76.0 -4.0 14.0 12.0 -158.0 1114.0 989.0 -3186.0 5259.0 -8639.0 0.0 -51935.0 1938.0 379.0 -2000.0 4.0 43.0 264.0 -333.0 170.0 25.0 -35.0 57.0 -29.0 18.0 20.0 22.0 17.0 -22.0 -7.0 -12.0 2.0 -3.0 -13.0 -4.0 7.0 1.0 6.0
-1.0 5.0 -4.0 3.0 -3.0 5.0 0.0 -4.0 -3.0 -3.0 -2.0 -1.0 -1.0 5.0 2.0 0.0 -2.0 0.0 -1.0 4.0 -2.0 1.0 0.0 2.0 -1.0 0.0 -1.0 0.0 -2.0 1.0 1.0 3.0 0.0 0.0 2.0 -3.0 -5.0 -4.0 1.0 5.0 3.0 -5.0 -2.0 3.0 -6.0 0.0 4.0 -8.0 1.0 14.0 -2.0 5.0 15.0 8.0 10.0 -2.0 13.0 12.0 26.0 4.0 6.0 -10.0 -1.0 52.0 78.0 -121.0 -70.0 -102.0 -90.0 278.0 3140.0 -5325.0 -51935.0 0.0 833.0 -15821.0 2347.0 -694.0 750.0 -399.0 -19.0 -137.0 54.0 -75.0 -24.0 13.0 -29.0 -57.0 19.0 1.0 -22.0 -17.0 4.0 2.0 -3.0 2.0 -6.0 -4.0 5.0 -2.0
1.0 -10.0 5.0 -3.0 0.0 3.0 9.0 0.0 -6.0 -2.0 -3.0 -2.0 -2.0 1.0 2.0 3.0 0.0 -1.0 0.0 -4.0 -1.0 -1.0 0.0 -3.0 0.0 2.0 2.0 2.0 4.0 3.0 1.0 3.0 -1.0 1.0 4.0 3.0 -2.0 5.0 0.0 1.0 -2.0 -1.0 6.0 -6.0 -3.0 0.0 8.0 4.0 4.0 6.0 4.0 2.0 -4.0 -2.0 0.0 10.0 5.0 2.0 25.0 -30.0 1.0 10.0 52.0 65.0 65.0 114.0 -283.0 185.0 341.0 -477.0 -86.0 156.0 1938.0 833.0 0.0 -42839.0 3925.0 -731.0 893.0 423.0 461.0 297.0 -159.0 -19.0 -87.0 83.0 -43.0 -5.0 19.0 28.0 -33.0 6.0 0.0 -9.0 3.0 6.0 8.0 -3.0 7.0 13.0
-4.0 -2.0 -6.0 -5.0 -3.0 -5.0 4.0 -4.0 3.0 -1.0 0.0 0.0 4.0 1.0 2.0 1.0 6.0 -5.0 0.0 -2.0 2.0 1.0 1.0 -3.0 -4.0 1.0 2.0 0.0 3.0 -1.0 1.0 -2.0 -1.0 1.0 1.0 -3.0 0.0 -2.0 1.0 -5.0 -3.0 1.0 -1.0 3.0 -2.0 4.0 -10.0 6.0 12.0 -2.0 -1.0 7.0 -4.0 16.0 -3.0 12.0 -12.0 -4.0 8.0 8.0 19.0 8.0 -9.0 -103.0 -72.0 -3.0 -62.0 -211.0 -97.0 -226.0 1924.0 1002.0 379.0 -15821.0 -42839.0 0.0 122868.0 -16115.0 3647.0 -342.0 -345.0 -34.0 267.0 158.0 -13.0 -61.0 -65.0 -43.0 18.0 61.0 -30.0 -5.0 -3.0 -4.0 17.0 -1.0 -4.0 -11.0 -3.0 -4.0
9.0 -3.0 5.0 -4.0 9.0 1.0 -4.0 -7.0 2.0 2.0 0.0 5.0 -1.0 0.0 2.0 -2.0 4.0 1.0 -3.0 -1.0 2.0 2.0 2.0 -1.0 0.0 -3.0 -6.0 2.0 0.0 -5.0 -2.0 -2.0 4.0 5.0 -1.0 2.0 0.0 -5.0 2.0 -5.0 -2.0 3.0 -1.0 -8.0 -1.0 1.0 1.0 5.0 -4.0 2.0 5.0 -2.0 14.0 -16.0 -8.0 -11.0 -10.0 -14.0 -29.0 -17.0 -5.0 14.0 36.0 -35.0 -31.0 -5.0 -130.0 43.0 -154.0 165.0 304.0 -50.0 -2000.0 2347.0 3925.0 122868.0 0.0 10049.0 1246.0 -808.0 1047.0 104.0 -348.0 94.0 78.0 34.0 -81.0 -104.0 33.0 -14.0 6.0 -45.0 -16.0 -1.0 -2.0 2.0 14.0 12.0 -3.0 -6.0
-3.0 -5.0 8.0 -10.0 5.0 4.0 -8.0 -9.0 -7.0 -8.0 4.0 0.0 -5.0 2.0 0.0 7.0 4.0 1.0 -3.0 0.0 0.0 4.0 -1.0 -1.0 2.0 -5.0 1.0 -2.0 -1.0 -2.0 -3.0 -5.0 -1.0 1.0 0.0 0.0 1.0 2.0 2.0 3.0 1.0 0.0 4.0 1.0 -11.0 -3.0 0.0 3.0 5.0 1.0 7.0 -13.0 -1.0 -4.0 5.0 2.0 6.0 23.0 12.0 24.0 1.0 9.0 7.0 51.0 -74.0 -87.0 -26.0 -57.0 -169.0 86.0 -68.0 241.0 4.0 -694.0 -731.0 -16115.0 10049.0 0.0 -66603.0 9286.0 172.0 181.0 -14.0 153.0 -34.0 53.0 60.0 -97.0 11.0 17.0 3.0 18.0 -6.0 -3.0 -18.0 -27.0 3.0 1.0 -12.0 9.0
1.0 -11.0 12.0 -1.0 0.0 5.0 -8.0 4.0 0.0 3.0 4.0 -1.0 -4.0 2.0 -4.0 2.0 -4.0 -3.0 0.0 1.0 2.0 -3.0 3.0 -2.0 0.0 -2.0 1.0 2.0 -1.0 -3.0 0.0 2.0 0.0 1.0 0.0 2.0 0.0 1.0 0.0 2.0 3.0 4.0 -3.0 2.0 -1.0 -3.0 2.0 3.0 -4.0 0.0 0.0 4.0 9.0 -2.0 1.0 10.0 3.0 12.0 -3.0 -4.0 -2.0 -3.0 -8.0 21.0 15.0 -13.0 30.0 92.0 31.0 -136.0 174.0 319.0 43.0 750.0 893.0 3647.0 1246.0 -66603.0 0.0 -146985.0 12126.0 -2040.0 -547.0 547.0 -39.0 -3.0 92.0 -61.0 26.0 117.0 -29.0 74.0 -17.0 54.0 -27.0 -2.0 -8.0 0.0 14.0 9.0
