0.0 23199.0 -7171.0 -3884.0 955.0 -1447.0 -407.0 -563.0 -358.0 250.0 33.0 124.0 -118.0 32.0 7.0 -78.0 -60.0 30.0 -28.0 48.0 -44.0 27.0 36.0 -18.0 -17.0 -4.0 -15.0 21.0 -2.0 -13.0 -1.0 19.0 -5.0 7.0 -20.0 5.0 -9.0 -1.0 -30.0 -15.0 -13.0 -2.0 -3.0 -18.0 -1.0 -3.0 16.0 -17.0 -5.0 -7.0 6.0 -29.0 0.0 -2.0 -27.0 29.0 1.0 -6.0 11.0 27.0 21.0 16.0 23.0 -7.0 -7.0 10.0 -3.0 -19.0 -20.0 -3.0 24.0 17.0 21.0 -3.0 6.0 -17.0 41.0 -13.0 6.0 -22.0 12.0 5.0 -41.0 -59.0 2.0 143.0 3.0 356.0 28.0 221.0 -96.0 142.0 -196.0 208.0 766.0 1414.0 -2155.0 3592.0 1510.0 -42622.0
23199.0 0.0 -129396.0 10772.0 4819.0 -100.0 -181.0 66.0 -236.0 -388.0 255.0 109.0 244.0 142.0 44.0 108.0 -128.0 191.0 -46.0 7.0 54.0 -78.0 20.0 -9.0 103.0 9.0 -23.0 9.0 66.0 19.0 -17.0 3.0 -2.0 9.0 -14.0 -3.0 -14.0 -3.0 -22.0 -8.0 -7.0 -12.0 -8.0 18.0 6.0 11.0 8.0 -5.0 -3.0 -4.0 13.0 -18.0 -21.0 -4.0 -1.0 -1.0 4.0 -17.0 6.0 0.0 -19.0 20.0 -16.0 -22.0 -6.0 6.0 -5.0 3.0 -12.0 10.0 -21.0 -30.0 27.0 23.0 -50.0 -11.0 -13.0 -22.0 -48.0 47.0 3.0 -8.0 37.0 16.0 -70.0 133.0 -47.0 144.0 176.0 220.0 -11.0 117.0 301.0 -724.0 129.0 875.0 -1090.0 183.0 421.0 -13996.0
-7171.0 -129396.0 0.0 102673.0 -4898.0 -155.0 1707.0 -1647.0 -185.0 425.0 -487.0 100.0 -195.0 47.0 -94.0 49.0 385.0 -4.0 -36.0 -38.0 -65.0 -36.0 63.0 15.0 -29.0 25.0 -22.0 57.0 -5.0 28.0 8.0 29.0 14.0 -11.0 3.0 15.0 9.0 1.0 -4.0 7.0 -12.0 -6.0 3.0 -21.0 -7.0 15.0 -3.0 -1.0 -12.0 7.0 -4.0 2.0 -2.0 21.0 2.0 11.0 14.0 19.0 5.0 22.0 10.0 -16.0 -11.0 9.0 4.0 0.0 18.0 -5.0 12.0 7.0 7.0 24.0 1.0 -22.0 27.0 -29.0 24.0 37.0 57.0 12.0 -24.0 50.0 48.0 -22.0 23.0 -70.0 58.0 -8.0 -69.0 24.0 12.0 325.0 8.0 414.0 203.0 -26.0 -149.0 329.0 -1366.0 3857.0
-3884.0 10772.0 102673.0 0.0 117390.0 -13043.0 3466.0 -179.0 -251.0 -605.0 437.0 -904.0 55.0 73.0 -304.0 61.0 -124.0 -46.0 -93.0 -96.0 -28.0 50.0 95.0 46.0 22.0 -41.0 94.0 29.0 0.0 27.0 -44.0 -17.0 -16.0 -16.0 -2.0 -27.0 -24.0 -1.0 -26.0 -23.0 -13.0 5.0 20.0 0.0 -10.0 8.0 -2.0 13.0 23.0 23.0 -7.0 21.0 -9.0 -27.0 0.0 14.0 9.0 2.0 11.0 18.0 17.0 -17.0 9.0 -17.0 -2.0 1.0 3.0 4.0 -2.0 30.0 18.0 6.0 6.0 15.0 -15.0 -23.0 -21.0 -47.0 -7.0 -1.0 38.0 46.0 -43.0 11.0 -13.0 9.0 -3.0 60.0 -13.0 38.0 129.0 47.0 480.0 -39.0 -393.0 -232.0 -758.0 272.0 2597.0 -375.0
955.0 4819.0 -4898.0 117390.0 0.0 220276.0 2209.0 -7747.0 -2373.0 1506.0 -749.0 -374.0 48.0 33.0 87.0 184.0 -72.0 82.0 -135.0 60.0 -31.0 -31.0 101.0 -44.0 -30.0 -2.0 -10.0 -16.0 7.0 -12.0 -10.0 -4.0 -7.0 5.0 -18.0 -13.0 11.0 -13.0 -2.0 -6.0 -24.0 16.0 4.0 19.0 1.0 -4.0 0.0 6.0 -31.0 -14.0 -10.0 -21.0 -4.0 19.0 10.0 -10.0 -19.0 8.0 -13.0 4.0 -8.0 -8.0 -17.0 1.0 5.0 -13.0 -12.0 25.0 26.0 14.0 -3.0 8.0 -21.0 -14.0 1.0 -14.0 46.0 26.0 2.0 -35.0 -1.0 58.0 49.0 -14.0 45.0 11.0 49.0 -70.0 -4.0 36.0 30.0 84.0 -186.0 108.0 11.0 -491.0 -38.0 -860.0 -358.0 236.0
-1447.0 -100.0 -155.0 -13043.0 220276.0 0.0 5687.0 -14652.0 -372.0 -650.0 353.0 121.0 -400.0 273.0 -174.0 -122.0 85.0 47.0 -127.0 59.0 -33.0 -12.0 126.0 -5.0 11.0 -54.0 -19.0 16.0 47.0 4.0 50.0 -11.0 -14.0 -29.0 0.0 4.0 5.0 1.0 -18.0 -13.0 6.0 6.0 2.0 5.0 17.0 -2.0 0.0 -22.0 -1.0 1.0 9.0 12.0 9.0 19.0 43.0 11.0 -9.0 -5.0 7.0 1.0 0.0 -15.0 -13.0 -15.0 -2.0 -14.0 -7.0 -13.0 -9.0 7.0 -21.0 4.0 3.0 23.0 17.0 -26.0 5.0 22.0 24.0 0.0 10.0 25.0 21.0 -28.0 -26.0 19.0 67.0 4.0 79.0 85.0 40.0 133.0 -14.0 -244.0 -296.0 -34.0 -261.0 -342.0 476.0 95.0
-407.0 -181.0 1707.0 3466.0 2209.0 5687.0 0.0 65408.0 13321.0 5690.0 1046.0 409.0 -130.0 -320.0 115.0 -396.0 314.0 -95.0 14.0 246.0 -158.0 -179.0 -19.0 161.0 15.0 -73.0 39.0 -52.0 -32.0 -33.0 2.0 -42.0 39.0 -23.0 -67.0 -16.0 -8.0 -13.0 25.0 -5.0 26.0 -9.0 10.0 -19.0 -12.0 19.0 -2.0 -3.0 3.0 15.0 -2.0 -4.0 22.0 30.0 -5.0 -2.0 -20.0 -5.0 26.0 -7.0 3.0 -14.0 5.0 -22.0 0.0 24.0 3.0 2.0 -35.0 6.0 16.0 -2.0 38.0 2.0 46.0 19.0 -19.0 -41.0 -41.0 -26.0 42.0 -27.0 -31.0 68.0 54.0 -79.0 -11.0 64.0 81.0 -6.0 11.0 -118.0 -29.0 45.0 117.0 -66.0 -137.0 -182.0 151.0 323.0
-563.0 66.0 -1647.0 -179.0 -7747.0 -14652.0 65408.0 0.0 -64741.0 -9210.0 -309.0 1063.0 1814.0 511.0 322.0 -183.0 195.0 -149.0 -153.0 343.0 -56.0 -112.0 18.0 -156.0 -49.0 -43.0 7.0 -21.0 -52.0 49.0 -25.0 33.0 8.0 5.0 -42.0 -1.0 10.0 44.0 -14.0 10.0 20.0 -12.0 -15.0 16.0 -9.0 14.0 3.0 -12.0 5.0 0.0 22.0 10.0 -5.0 17.0 -4.0 12.0 -11.0 19.0 6.0 5.0 -2.0 16.0 3.0 -10.0 1.0 -11.0 -10.0 7.0 3.0 -13.0 13.0 -3.0 -4.0 -20.0 1.0 -23.0 -34.0 -43.0 20.0 3.0 3.0 -17.0 11.0 -17.0 29.0 62.0 19.0 41.0 82.0 104.0 11.0 87.0 20.0 162.0 -67.0 76.0 -170.0 189.0 441.0 -183.0
-358.0 -236.0 -185.0 -251.0 -2373.0 -372.0 13321.0 -64741.0 0.0 -37100.0 -14408.0 -423.0 557.0 -479.0 381.0 -622.0 461.0 -216.0 35.0 259.0 24.0 355.0 103.0 15.0 85.0 -128.0 42.0 -33.0 15.0 32.0 18.0 32.0 -58.0 -36.0 -63.0 52.0 9.0 -10.0 -23.0 8.0 13.0 15.0 24.0 -13.0 16.0 -6.0 -13.0 1.0 -7.0 -4.0 -17.0 12.0 0.0 9.0 -5.0 -7.0 -19.0 0.0 -2.0 6.0 -11.0 0.0 -15.0 -2.0 -23.0 5.0 3.0 1.0 11.0 11.0 -40.0 -10.0 0.0 -17.0 -30.0 14.0 8.0 -38.0 -2.0 1.0 -15.0 -3.0 32.0 3.0 -16.0 -24.0 -2.0 -67.0 -44.0 -54.0 25.0 30.0 150.0 18.0 -306.0 68.0 122.0 112.0 92.0 -224.0
250.0 -388.0 425.0 -605.0 1506.0 -650.0 5690.0 -9210.0 -37100.0 0.0 65069.0 8134.0 3432.0 -3119.0 404.0 698.0 1046.0 52.0 -15.0 111.0 -136.0 59.0 117.0 12.0 -3.0 -39.0 0.0 -37.0 44.0 54.0 33.0 -6.0 -32.0 -17.0 35.0 -14.0 -41.0 -1.0 -11.0 -10.0 -10.0 -13.0 -32.0 2.0 -7.0 8.0 -9.0 -10.0 -7.0 11.0 10.0 5.0 -3.0 22.0 18.0 23.0 -26.0 -23.0 17.0 -1.0 -1.0 0.0 11.0 6.0 9.0 4.0 -1.0 -8.0 1.0 -5.0 14.0 -17.0 -2.0 -14.0 -12.0 -8.0 9.0 -41.0 17.0 10.0 5.0 -15.0 6.0 -26.0 -36.0 -2.0 -37.0 -52.0 15.0 8.0 38.0 88.0 20.0 -43.0 -124.0 -148.0 -92.0 -103.0 -271.0 124.0
33.0 255.0 -487.0 437.0 -749.0 353.0 1046.0 -309.0 -14408.0 65069.0 0.0 81296.0 -1813.0 146.0 326.0 -2221.0 1339.0 -557.0 168.0 111.0 -90.0 131.0 -30.0 182.0 97.0 -31.0 -37.0 -60.0 -4.0 -57.0 23.0 -8.0 -43.0 5.0 -13.0 -39.0 -32.0 -20.0 -6.0 -5.0 42.0 26.0 -25.0 -28.0 5.0 18.0 1.0 12.0 -13.0 -23.0 -1.0 -6.0 -19.0 10.0 -28.0 7.0 1.0 8.0 10.0 -11.0 -6.0 24.0 16.0 12.0 8.0 15.0 -15.0 8.0 11.0 -1.0 -2.0 -3.0 10.0 -9.0 -14.0 2.0 1.0 20.0 20.0 17.0 -48.0 7.0 14.0 -23.0 -33.0 3.0 36.0 -44.0 5.0 61.0 5.0 -42.0 -8.0 5.0 -59.0 192.0 -175.0 -175.0 260.0 168.0
124.0 109.0 100.0 -904.0 -374.0 121.0 409.0 1063.0 -423.0 8134.0 81296.0 0.0 72584.0 14590.0 7185.0 -334.0 357.0 -210.0 -449.0 249.0 -394.0 586.0 182.0 100.0 -144.0 -45.0 -86.0 108.0 113.0 16.0 -12.0 -122.0 -3.0 61.0 -25.0 -14.0 -9.0 42.0 -2.0 20.0 -28.0 21.0 9.0 -6.0 -7.0 11.0 -8.0 6.0 15.0 -4.0 -5.0 13.0 21.0 12.0 2.0 -23.0 -11.0 1.0 -5.0 11.0 28.0 11.0 13.0 -2.0 12.0 23.0 3.0 -5.0 6.0 11.0 25.0 3.0 1.0 -3.0 -10.0 3.0 28.0 1.0 -5.0 14.0 15.0 -8.0 -26.0 -18.0 -5.0 3.0 -10.0 10.0 33.0 23.0 71.0 -40.0 -58.0 -66.0 20.0 -70.0 -92.0 51.0 -75.0 -43.0
-118.0 244.0 -195.0 55.0 48.0 -400.0 -130.0 1814.0 557.0 3432.0 -1813.0 72584.0 0.0 -13796.0 5247.0 8234.0 1997.0 -25.0 -267.0 -378.0 -420.0 488.0 256.0 -502.0 -79.0 -190.0 113.0 -196.0 -36.0 6.0 -12.0 -36.0 137.0 -25.0 20.0 -16.0 -19.0 -19.0 13.0 -44.0 32.0 -21.0 15.0 -17.0 -15.0 -11.0 -29.0 -14.0 -11.0 3.0 -4.0 -2.0 -22.0 13.0 6.0 34.0 13.0 -1.0 7.0 10.0 6.0 9.0 18.0 7.0 -30.0 13.0 -7.0 -3.0 -19.0 3.0 19.0 -18.0 0.0 -6.0 -9.0 19.0 -6.0 -25.0 -21.0 -24.0 -6.0 7.0 0.0 40.0 -26.0 0.0 24.0 -24.0 -53.0 11.0 41.0 22.0 -22.0 34.0 4.0 -12.0 79.0 -129.0 25.0 -66.0
32.0 142.0 47.0 73.0 33.0 273.0 -320.0 511.0 -479.0 -3119.0 146.0 14590.0 -13796.0 0.0 36606.0 4520.0 5815.0 2210.0 576.0 -15.0 -230.0 -331.0 244.0 160.0 -275.0 74.0 5.0 -114.0 79.0 39.0 -82.0 16.0 -22.0 10.0 24.0 25.0 20.0 44.0 5.0 -58.0 -16.0 7.0 4.0 40.0 8.0 5.0 -9.0 14.0 -38.0 4.0 -11.0 8.0 -27.0 27.0 -1.0 -28.0 -8.0 19.0 8.0 13.0 -26.0 -14.0 5.0 -8.0 2.0 1.0 -1.0 -10.0 24.0 -16.0 -17.0 7.0 -17.0 30.0 8.0 4.0 1.0 8.0 8.0 12.0 -39.0 1.0 15.0 15.0 -2.0 -20.0 -9.0 36.0 -14.0 -73.0 62.0 -75.0 21.0 -20.0 -107.0 17.0 -62.0 81.0 -34.0 72.0
7.0 44.0 -94.0 -304.0 87.0 -174.0 115.0 322.0 381.0 404.0 326.0 7185.0 5247.0 36606.0 0.0 -19476.0 -15492.0 6264.0 -3343.0 -601.0 -313.0 899.0 63.0 181.0 223.0 -41.0 0.0 -70.0 -280.0 33.0 167.0 -51.0 71.0 78.0 27.0 5.0 -4.0 -27.0 -12.0 -26.0 17.0 -3.0 41.0 6.0 27.0 -10.0 -9.0 11.0 -4.0 28.0 6.0 -19.0 8.0 -4.0 -7.0 3.0 4.0 -12.0 -1.0 5.0 -8.0 -20.0 -5.0 5.0 -21.0 -3.0 -6.0 5.0 -16.0 -12.0 -8.0 -1.0 11.0 10.0 10.0 11.0 9.0 1.0 -21.0 9.0 -2.0 -20.0 -26.0 -17.0 14.0 0.0 -36.0 4.0 9.0 -9.0 12.0 26.0 -49.0 -31.0 -8.0 -17.0 -19.0 42.0 -2.0 2.0
-78.0 108.0 49.0 61.0 184.0 -122.0 -396.0 -183.0 -622.0 698.0 -2221.0 -334.0 8234.0 4520.0 -19476.0 0.0 -87843.0 9515.0 -1029.0 160.0 -744.0 -1221.0 258.0 560.0 -213.0 -175.0 332.0 40.0 -72.0 -138.0 58.0 28.0 15.0 -7.0 -14.0 -51.0 -11.0 -28.0 -56.0 1.0 -23.0 19.0 -3.0 -9.0 -15.0 1.0 -37.0 -15.0 -16.0 17.0 -8.0 -9.0 5.0 10.0 -20.0 -7.0 -17.0 13.0 11.0 14.0 -3.0 -21.0 -12.0 -2.0 6.0 -12.0 34.0 18.0 -3.0 13.0 7.0 0.0 -6.0 0.0 15.0 4.0 -12.0 37.0 13.0 -36.0 17.0 -47.0 1.0 -21.0 6.0 28.0 2.0 -1.0 -21.0 -29.0 -15.0 11.0 11.0 -57.0 -64.0 27.0 16.0 -66.0 -13.0 -16.0
-60.0 -128.0 385.0 -124.0 -72.0 85.0 314.0 195.0 461.0 1046.0 1339.0 357.0 1997.0 5815.0 -15492.0 -87843.0 0.0 74943.0 -22333.0 -445.0 1017.0 46.0 305.0 675.0 68.0 -60.0 -96.0 -49.0 -58.0 -117.0 -149.0 68.0 23.0 -61.0 28.0 66.0 5.0 -4.0 4.0 -6.0 -36.0 19.0 8.0 -5.0 12.0 18.0 -33.0 14.0 6.0 -14.0 2.0 -21.0 -13.0 21.0 3.0 -15.0 9.0 35.0 -7.0 8.0 -1.0 5.0 1.0 12.0 -5.0 -24.0 -11.0 7.0 0.0 2.0 -14.0 1.0 25.0 -11.0 -2.0 31.0 20.0 23.0 -20.0 -16.0 8.0 1.0 -23.0 19.0 -31.0 26.0 -26.0 -4.0 -2.0 -4.0 19.0 -46.0 17.0 24.0 -55.0 25.0 -2.0 -74.0 38.0 106.0
30.0 191.0 -4.0 -46.0 82.0 47.0 -95.0 -149.0 -216.0 52.0 -557.0 -210.0 -25.0 2210.0 6264.0 9515.0 74943.0 0.0 -24660.0 12284.0 -10561.0 -689.0 -852.0 -238.0 90.0 -774.0 -36.0 -167.0 -84.0 115.0 47.0 232.0 263.0 35.0 33.0 -54.0 -10.0 -56.0 22.0 -1.0 10.0 26.0 -32.0 -39.0 -33.0 22.0 -26.0 28.0 -7.0 -11.0 -13.0 -3.0 -5.0 11.0 20.0 -4.0 10.0 -4.0 23.0 7.0 7.0 19.0 4.0 -14.0 7.0 -9.0 -4.0 4.0 -19.0 -3.0 -12.0 0.0 -29.0 3.0 -7.0 -28.0 3.0 8.0 -17.0 36.0 19.0 -17.0 10.0 14.0 4.0 -14.0 0.0 25.0 13.0 -9.0 23.0 15.0 -8.0 2.0 30.0 -32.0 -55.0 -12.0 -26.0 -8.0
-28.0 -46.0 -36.0 -93.0 -135.0 -127.0 14.0 -153.0 35.0 -15.0 168.0 -449.0 -267.0 576.0 -3343.0 -1029.0 -22333.0 -24660.0 0.0 -57407.0 58.0 5312.0 -383.0 1523.0 -347.0 -620.0 -792.0 -215.0 -46.0 -34.0 236.0 -110.0 -20.0 34.0 39.0 111.0 -10.0 -36.0 63.0 -62.0 -37.0 36.0 -7.0 15.0 26.0 -35.0 -20.0 -14.0 34.0 0.0 -25.0 3.0 19.0 -6.0 -13.0 16.0 -8.0 4.0 -31.0 -1.0 -9.0 -17.0 -29.0 -23.0 5.0 1.0 33.0 17.0 25.0 -11.0 -22.0 5.0 10.0 -4.0 2.0 0.0 -15.0 -15.0 -2.0 -9.0 -7.0 11.0 -2.0 33.0 13.0 16.0 0.0 6.0 -25.0 -9.0 22.0 -49.0 2.0 3.0 -28.0 -6.0 25.0 28.0 35.0 -59.0
48.0 7.0 -38.0 -96.0 60.0 59.0 246.0 343.0 259.0 111.0 111.0 249.0 -378.0 -15.0 -601.0 160.0 -445.0 12284.0 -57407.0 0.0 40918.0 5940.0 -2569.0 -1185.0 1363.0 309.0 -68.0 -678.0 259.0 -77.0 6.0 250.0 -125.0 -67.0 -89.0 -18.0 77.0 -69.0 78.0 -31.0 42.0 10.0 83.0 48.0 4.0 24.0 14.0 8.0 -6.0 -16.0 -11.0 -26.0 -9.0 -23.0 4.0 27.0 -1.0 7.0 19.0 0.0 -9.0 -32.0 15.0 2.0 5.0 7.0 -2.0 -5.0 -4.0 2.0 5.0 22.0 -4.0 20.0 -24.0 -12.0 -3.0 2.0 5.0 -20.0 -5.0 3.0 -3.0 -17.0 -25.0 10.0 6.0 4.0 -11.0 28.0 8.0 -13.0 -12.0 -28.0 -30.0 22.0 56.0 1.0 -7.0 -25.0
-44.0 54.0 -65.0 -28.0 -31.0 -33.0 -158.0 -56.0 24.0 -136.0 -90.0 -394.0 -420.0 -230.0 -313.0 -744.0 1017.0 -10561.0 58.0 40918.0 0.0 -2004.0 18317.0 -4453.0 4702.0 -254.0 -300.0 869.0 32.0 -296.0 -406.0 -82.0 12.0 -53.0 23.0 -128.0 12.0 4.0 0.0 39.0 -55.0 -49.0 35.0 36.0 -17.0 14.0 -5.0 -42.0 13.0 -13.0 -23.0 10.0 -22.0 -7.0 10.0 23.0 18.0 26.0 -4.0 -16.0 -17.0 7.0 -2.0 15.0 -5.0 -8.0 -30.0 2.0 -2.0 -19.0 3.0 -5.0 -6.0 -10.0 -7.0 8.0 11.0 0.0 10.0 -1.0 -29.0 37.0 7.0 -6.0 6.0 23.0 32.0 14.0 7.0 -17.0 -21.0 -8.0 8.0 -8.0 11.0 12.0 -5.0 -53.0 55.0 -38.0
27.0 -78.0 -36.0 50.0 -31.0 -12.0 -179.0 -112.0 355.0 59.0 131.0 586.0 488.0 -331.0 899.0 -1221.0 46.0 -689.0 5312.0 5940.0 -2004.0 0.0 -14935.0 16.0 1184.0 2595.0 -901.0 -84.0 -548.0 -332.0 396.0 -426.0 293.0 -155.0 59.0 71.0 -27.0 56.0 -40.0 33.0 -52.0 91.0 -8.0 8.0 -1.0 9.0 23.0 14.0 8.0 -26.0 12.0 11.0 -3.0 20.0 10.0 -38.0 -5.0 -1.0 2.0 -3.0 8.0 33.0 12.0 15.0 14.0 8.0 -17.0 25.0 -7.0 -5.0 3.0 -8.0 -9.0 6.0 -4.0 4.0 10.0 21.0 -16.0 6.0 16.0 8.0 -8.0 19.0 13.0 9.0 -8.0 -24.0 -25.0 -10.0 -9.0 21.0 -3.0 -17.0 -14.0 -7.0 -11.0 -27.0 2.0 25.0
36.0 20.0 63.0 95.0 101.0 126.0 -19.0 18.0 103.0 117.0 -30.0 182.0 256.0 244.0 63.0 258.0 305.0 -852.0 -383.0 -2569.0 18317.0 -14935.0 0.0 155529.0 182.0 -1737.0 -4636.0 -764.0 -692.0 140.0 -636.0 -124.0 -67.0 -7.0 33.0 -158.0 -33.0 170.0 -38.0 -18.0 93.0 31.0 -35.0 110.0 -20.0 -19.0 -26.0 -70.0 65.0 0.0 -4.0 -4.0 -8.0 12.0 -3.0 -13.0 2.0 -15.0 16.0 54.0 2.0 1.0 15.0 -12.0 -8.0 -1.0 -5.0 -18.0 -6.0 14.0 -11.0 -8.0 0.0 0.0 -1.0 5.0 11.0 -7.0 18.0 -12.0 13.0 -22.0 1.0 12.0 -8.0 2.0 -9.0 5.0 -6.0 -21.0 20.0 24.0 4.0 -41.0 0.0 9.0 -43.0 -50.0 4.0 -2.0
-18.0 -9.0 15.0 46.0 -44.0 -5.0 161.0 -156.0 15.0 12.0 182.0 100.0 -502.0 160.0 181.0 560.0 675.0 -238.0 1523.0 -1185.0 -4453.0 16.0 155529.0 0.0 41638.0 -2117.0 -2166.0 -2878.0 -201.0 192.0 -112.0 -392.0 262.0 -14.0 56.0 -281.0 117.0 2.0 44.0 -75.0 5.0 -9.0 -75.0 52.0 50.0 -43.0 35.0 8.0 -13.0 7.0 4.0 2.0 32.0 -44.0 -45.0 21.0 14.0 -12.0 2.0 -31.0 -4.0 -2.0 -27.0 3.0 0.0 -5.0 15.0 -13.0 11.0 6.0 -9.0 12.0 -17.0 9.0 -16.0 -14.0 -4.0 -4.0 -11.0 -3.0 12.0 7.0 -7.0 -10.0 7.0 -2.0 -7.0 11.0 5.0 32.0 15.0 -2.0 11.0 24.0 30.0 7.0 -31.0 -33.0 -41.0 1.0
-17.0 103.0 -29.0 22.0 -30.0 11.0 15.0 -49.0 85.0 -3.0 97.0 -144.0 -79.0 -275.0 223.0 -213.0 68.0 90.0 -347.0 1363.0 4702.0 1184.0 182.0 41638.0 0.0 -55846.0 4228.0 -434.0 -621.0 1597.0 -417.0 -579.0 -91.0 291.0 86.0 -217.0 -101.0 72.0 -16.0 74.0 78.0 93.0 48.0 -13.0 -2.0 -19.0 66.0 44.0 0.0 69.0 -2.0 -21.0 11.0 11.0 20.0 22.0 13.0 -11.0 5.0 -4.0 3.0 -10.0 -21.0 -10.0 -11.0 4.0 9.0 -25.0 7.0 6.0 7.0 17.0 10.0 -7.0 -1.0 -20.0 0.0 11.0 3.0 25.0 4.0 -3.0 4.0 18.0 1.0 12.0 -9.0 0.0 10.0 29.0 0.0 19.0 25.0 -60.0 2.0 9.0 8.0 -61.0 14.0 31.0
-4.0 9.0 25.0 -41.0 -2.0 -54.0 -73.0 -43.0 -128.0 -39.0 -31.0 -45.0 -190.0 74.0 -41.0 -175.0 -60.0 -774.0 -620.0 309.0 -254.0 2595.0 -1737.0 -2117.0 -55846.0 0.0 2713.0 19151.0 3804.0 -1063.0 727.0 -644.0 -1170.0 -375.0 215.0 121.0 367.0 57.0 30.0 137.0 129.0 27.0 2.0 28.0 50.0 -78.0 -56.0 -90.0 -53.0 9.0 31.0 48.0 31.0 -10.0 1.0 -1.0 29.0 23.0 7.0 -33.0 17.0 -8.0 6.0 -2.0 20.0 -9.0 -15.0 7.0 -3.0 -21.0 19.0 10.0 -6.0 -1.0 13.0 3.0 -14.0 -28.0 -10.0 4.0 25.0 -1.0 12.0 -21.0 12.0 -1.0 10.0 -20.0 -1.0 6.0 13.0 -3.0 20.0 1.0 15.0 32.0 -21.0 16.0 17.0 -14.0
-15.0 -23.0 -22.0 94.0 -10.0 -19.0 39.0 7.0 42.0 0.0 -37.0 -86.0 113.0 5.0 0.0 332.0 -96.0 -36.0 -792.0 -68.0 -300.0 -901.0 -4636.0 -2166.0 4228.0 2713.0 0.0 -82024.0 -19552.0 -5363.0 -791.0 -1876.0 -1074.0 -234.0 -215.0 480.0 -137.0 168.0 96.0 -83.0 74.0 -52.0 137.0 42.0 -76.0 95.0 9.0 68.0 -1.0 -59.0 43.0 -12.0 -12.0 42.0 -28.0 37.0 28.0 9.0 7.0 -20.0 -8.0 37.0 -1.0 11.0 -5.0 -2.0 0.0 7.0 -5.0 -6.0 12.0 -15.0 -1.0 -5.0 9.0 10.0 -32.0 8.0 6.0 -3.0 -4.0 15.0 19.0 -11.0 -15.0 -8.0 -15.0 22.0 0.0 -17.0 -14.0 -18.0 -9.0 -3.0 0.0 -33.0 -25.0 23.0 -11.0 47.0
21.0 9.0 57.0 29.0 -16.0 16.0 -52.0 -21.0 -33.0 -37.0 -60.0 108.0 -196.0 -114.0 -70.0 40.0 -49.0 -167.0 -215.0 -678.0 869.0 -84.0 -764.0 -2878.0 -434.0 19151.0 -82024.0 0.0 -100051.0 5152.0 5182.0 -3560.0 -436.0 592.0 -392.0 -113.0 424.0 -112.0 -101.0 -143.0 -38.0 -124.0 22.0 -64.0 67.0 51.0 6.0 -37.0 13.0 -6.0 -18.0 -36.0 -37.0 4.0 -19.0 -30.0 1.0 -6.0 -21.0 -16.0 -18.0 12.0 -16.0 14.0 -17.0 23.0 2.0 -9.0 -8.0 -1.0 6.0 5.0 9.0 -1.0 11.0 0.0 14.0 -13.0 10.0 -15.0 4.0 9.0 2.0 0.0 11.0 -10.0 14.0 6.0 0.0 5.0 -12.0 40.0 11.0 0.0 -12.0 5.0 -15.0 20.0 0.0 -15.0
-2.0 66.0 -5.0 0.0 7.0 47.0 -32.0 -52.0 15.0 44.0 -4.0 113.0 -36.0 79.0 -280.0 -72.0 -58.0 -84.0 -46.0 259.0 32.0 -548.0 -692.0 -201.0 -621.0 3804.0 -19552.0 -100051.0 0.0 1682.0 -9105.0 6240.0 -1615.0 -1567.0 -212.0 116.0 -177.0 -402.0 -288.0 -46.0 -67.0 27.0 6.0 -54.0 -28.0 -29.0 -3.0 -7.0 -7.0 -1.0 -29.0 28.0 -20.0 17.0 -26.0 -8.0 52.0 -25.0 -8.0 6.0 10.0 -6.0 -15.0 13.0 14.0 6.0 -28.0 -6.0 1.0 4.0 20.0 5.0 16.0 -12.0 24.0 17.0 0.0 -6.0 -3.0 -8.0 -6.0 5.0 10.0 18.0 -5.0 -28.0 -16.0 -10.0 -10.0 -11.0 -4.0 -15.0 4.0 21.0 -21.0 20.0 -18.0 -13.0 -21.0 -9.0
-13.0 19.0 28.0 27.0 -12.0 4.0 -33.0 49.0 32.0 54.0 -57.0 16.0 6.0 39.0 33.0 -138.0 -117.0 115.0 -34.0 -77.0 -296.0 -332.0 140.0 192.0 1597.0 -1063.0 -5363.0 5152.0 1682.0 0.0 101337.0 -6504.0 2534.0 58.0 482.0 374.0 183.0 -152.0 248.0 330.0 110.0 -17.0 432.0 99.0 136.0 118.0 40.0 58.0 57.0 46.0 37.0 -37.0 39.0 1.0 -11.0 -2.0 25.0 69.0 -11.0 -6.0 -19.0 24.0 -18.0 14.0 11.0 -1.0 1.0 -17.0 -21.0 16.0 13.0 1.0 -13.0 5.0 18.0 -3.0 -26.0 -10.0 -15.0 1.0 20.0 -5.0 -7.0 17.0 -23.0 -5.0 18.0 12.0 16.0 -25.0 -17.0 -10.0 0.0 -25.0 -9.0 -4.0 -15.0 -15.0 19.0 22.0
-1.0 -17.0 8.0 -44.0 -10.0 50.0 2.0 -25.0 18.0 33.0 23.0 -12.0 -12.0 -82.0 167.0 58.0 -149.0 47.0 236.0 6.0 -406.0 396.0 -636.0 -112.0 -417.0 727.0 -791.0 5182.0 -9105.0 101337.0 0.0 37596.0 -23360.0 4108.0 3272.0 1865.0 -138.0 130.0 -330.0 74.0 -88.0 -304.0 -23.0 6.0 -91.0 -79.0 -162.0 99.0 41.0 -26.0 8.0 -23.0 -22.0 1.0 -21.0 -29.0 -17.0 -10.0 33.0 -11.0 41.0 19.0 -25.0 -36.0 5.0 -14.0 12.0 -7.0 -37.0 34.0 -7.0 -4.0 -11.0 5.0 5.0 7.0 -10.0 -15.0 1.0 -2.0 -1.0 -4.0 -21.0 -14.0 -30.0 13.0 -5.0 -8.0 10.0 -7.0 18.0 4.0 5.0 -3.0 8.0 17.0 26.0 -28.0 1.0 -16.0
19.0 3.0 29.0 -17.0 -4.0 -11.0 -42.0 33.0 32.0 -6.0 -8.0 -122.0 -36.0 16.0 -51.0 28.0 68.0 232.0 -110.0 250.0 -82.0 -426.0 -124.0 -392.0 -579.0 -644.0 -1876.0 -3560.0 6240.0 -6504.0 37596.0 0.0 72802.0 -4850.0 3284.0 460.0 -1114.0 584.0 893.0 230.0 -141.0 156.0 -301.0 -29.0 389.0 -125.0 -38.0 56.0 11.0 36.0 65.0 20.0 -87.0 34.0 5.0 -9.0 -3.0 -59.0 -19.0 -3.0 29.0 -37.0 2.0 20.0 -15.0 -10.0 7.0 -18.0 -4.0 -10.0 -22.0 17.0 -4.0 16.0 19.0 -12.0 -14.0 -26.0 13.0 1.0 0.0 1.0 2.0 27.0 -5.0 7.0 -7.0 21.0 -17.0 -7.0 1.0 -2.0 4.0 4.0 -7.0 -5.0 33.0 21.0 37.0 -15.0
-5.0 -2.0 14.0 -16.0 -7.0 -14.0 39.0 8.0 -58.0 -32.0 -43.0 -3.0 137.0 -22.0 71.0 15.0 23.0 263.0 -20.0 -125.0 12.0 293.0 -67.0 262.0 -91.0 -1170.0 -1074.0 -436.0 -1615.0 2534.0 -23360.0 72802.0 0.0 -63869.0 21544.0 5017.0 1834.0 -1004.0 -599.0 552.0 -5.0 78.0 162.0 89.0 68.0 182.0 -212.0 78.0 34.0 40.0 19.0 -62.0 64.0 0.0 53.0 14.0 57.0 -43.0 -34.0 -45.0 0.0 4.0 11.0 -6.0 -18.0 2.0 -18.0 -31.0 9.0 1.0 11.0 22.0 -2.0 0.0 -7.0 -7.0 19.0 -6.0 1.0 4.0 -1.0 4.0 14.0 -12.0 20.0 -14.0 -6.0 -4.0 13.0 31.0 9.0 -2.0 -24.0 -27.0 16.0 7.0 6.0 14.0 9.0 10.0
7.0 9.0 -11.0 -16.0 5.0 -29.0 -23.0 5.0 -36.0 -17.0 5.0 61.0 -25.0 10.0 78.0 -7.0 -61.0 35.0 34.0 -67.0 -53.0 -155.0 -7.0 -14.0 291.0 -375.0 -234.0 592.0 -1567.0 58.0 4108.0 -4850.0 -63869.0 0.0 73503.0 25283.0 4073.0 -1627.0 22.0 -125.0 61.0 -412.0 -323.0 -225.0 -213.0 117.0 41.0 -129.0 -243.0 -49.0 28.0 52.0 -23.0 -47.0 -30.0 -16.0 -11.0 -1.0 15.0 5.0 -32.0 15.0 -7.0 8.0 -17.0 8.0 19.0 -15.0 8.0 5.0 10.0 -28.0 -4.0 0.0 6.0 7.0 30.0 6.0 5.0 0.0 -11.0 -17.0 -2.0 9.0 3.0 -9.0 4.0 -2.0 -28.0 -7.0 -6.0 -11.0 2.0 1.0 48.0 -1.0 1.0 -5.0 -22.0 -17.0
-20.0 -14.0 3.0 -2.0 -18.0 0.0 -67.0 -42.0 -63.0 35.0 -13.0 -25.0 20.0 24.0 27.0 -14.0 28.0 33.0 39.0 -89.0 23.0 59.0 33.0 56.0 86.0 215.0 -215.0 -392.0 -212.0 482.0 3272.0 3284.0 21544.0 73503.0 0.0 -93521.0 9834.0 5135.0 -3231.0 1171.0 1474.0 -350.0 491.0 -337.0 182.0 -162.0 14.0 61.0 57.0 -62.0 54.0 8.0 -45.0 0.0 41.0 63.0 23.0 -13.0 18.0 -38.0 -9.0 -46.0 33.0 8.0 -27.0 -19.0 23.0 -16.0 -8.0 -2.0 13.0 -6.0 6.0 12.0 22.0 6.0 -7.0 2.0 0.0 -7.0 34.0 11.0 18.0 -10.0 7.0 17.0 -11.0 10.0 -18.0 -11.0 3.0 -13.0 -13.0 0.0 2.0 -26.0 -10.0 11.0 -7.0 37.0
5.0 -3.0 15.0 -27.0 -13.0 4.0 -16.0 -1.0 52.0 -14.0 -39.0 -14.0 -16.0 25.0 5.0 -51.0 66.0 -54.0 111.0 -18.0 -128.0 71.0 -158.0 -281.0 -217.0 121.0 480.0 -113.0 116.0 374.0 1865.0 460.0 5017.0 25283.0 -93521.0 0.0 86202.0 13380.0 -3795.0 715.0 1563.0 -1207.0 207.0 -412.0 464.0 -244.0 81.0 186.0 -31.0 175.0 -40.0 105.0 -36.0 45.0 -51.0 -33.0 -25.0 -4.0 -15.0 -2.0 2.0 7.0 18.0 -28.0 -12.0 -8.0 -5.0 -6.0 -13.0 4.0 -14.0 -4.0 -3.0 -16.0 19.0 -14.0 8.0 -2.0 13.0 -8.0 9.0 -28.0 -2.0 -10.0 8.0 -4.0 -22.0 10.0 5.0 12.0 -6.0 -10.0 9.0 -15.0 -12.0 8.0 -1.0 29.0 0.0 14.0
-9.0 -14.0 9.0 -24.0 11.0 5.0 -8.0 10.0 9.0 -41.0 -32.0 -9.0 -19.0 20.0 -4.0 -11.0 5.0 -10.0 -10.0 77.0 12.0 -27.0 -33.0 117.0 -101.0 367.0 -137.0 424.0 -177.0 183.0 -138.0 -1114.0 1834.0 4073.0 9834.0 86202.0 0.0 -14793.0 -4351.0 -5488.0 932.0 -1945.0 460.0 -869.0 -341.0 133.0 754.0 -13.0 3.0 -74.0 54.0 -94.0 79.0 100.0 -65.0 -19.0 -18.0 -53.0 -20.0 81.0 -31.0 -25.0 8.0 -30.0 17.0 -2.0 -22.0 -29.0 -2.0 -6.0 10.0 2.0 -1.0 -26.0 -13.0 0.0 -1.0 8.0 1.0 -14.0 2.0 3.0 -12.0 -15.0 -9.0 -1.0 2.0 -6.0 5.0 27.0 12.0 -10.0 -12.0 -5.0 23.0 -11.0 12.0 23.0 -15.0 -1.0
-1.0 -3.0 1.0 -1.0 -13.0 1.0 -13.0 44.0 -10.0 -1.0 -20.0 42.0 -19.0 44.0 -27.0 -28.0 -4.0 -56.0 -36.0 -69.0 4.0 56.0 170.0 2.0 72.0 57.0 168.0 -112.0 -402.0 -152.0 130.0 584.0 -1004.0 -1627.0 5135.0 13380.0 -14793.0 0.0 -54178.0 4468.0 -5346.0 1074.0 -4.0 -1315.0 459.0 -725.0 42.0 71.0 66.0 -72.0 211.0 -18.0 -34.0 51.0 -2.0 47.0 55.0 44.0 14.0 21.0 19.0 -5.0 -19.0 -17.0 7.0 -31.0 -29.0 -7.0 10.0 -3.0 19.0 13.0 17.0 -20.0 28.0 -12.0 -26.0 12.0 3.0 -17.0 -11.0 -8.0 1.0 18.0 17.0 -1.0 10.0 -13.0 -17.0 -11.0 26.0 -4.0 -27.0 -23.0 14.0 -11.0 5.0 1.0 -2.0 14.0
-30.0 -22.0 -4.0 -26.0 -2.0 -18.0 25.0 -14.0 -23.0 -11.0 -6.0 -2.0 13.0 5.0 -12.0 -56.0 4.0 22.0 63.0 78.0 0.0 -40.0 -38.0 44.0 -16.0 30.0 96.0 -101.0 -288.0 248.0 -330.0 893.0 -599.0 22.0 -3231.0 -3795.0 -4351.0 -54178.0 0.0 33456.0 -3457.0 -8780.0 -436.0 692.0 -44.0 240.0 21.0 -86.0 -133.0 245.0 37.0 137.0 111.0 158.0 -40.0 45.0 4.0 -12.0 -70.0 30.0 -20.0 -14.0 26.0 -56.0 65.0 -2.0 -12.0 -43.0 -12.0 1.0 8.0 -33.0 -17.0 4.0 -1.0 5.0 9.0 11.0 -2.0 -19.0 20.0 3.0 7.0 4.0 0.0 -12.0 8.0 8.0 -26.0 -13.0 21.0 -2.0 -7.0 -19.0 11.0 -6.0 -16.0 6.0 -13.0 -19.0
-15.0 -8.0 7.0 -23.0 -6.0 -13.0 -5.0 10.0 8.0 -10.0 -5.0 20.0 -44.0 -58.0 -26.0 1.0 -6.0 -1.0 -62.0 -31.0 39.0 33.0 -18.0 -75.0 74.0 137.0 -83.0 -143.0 -46.0 330.0 74.0 230.0 552.0 -125.0 1171.0 715.0 -5488.0 4468.0 33456.0 0.0 75498.0 14724.0 -1551.0 1019.0 517.0 -452.0 -255.0 -160.0 138.0 -223.0 145.0 122.0 51.0 52.0 -62.0 64.0 -62.0 -6.0 20.0 -39.0 -14.0 17.0 -27.0 -45.0 -31.0 -65.0 -32.0 -9.0 18.0 -11.0 12.0 -31.0 6.0 29.0 3.0 -29.0 -24.0 14.0 13.0 -2.0 -7.0 14.0 -4.0 -17.0 16.0 -10.0 -23.0 11.0 22.0 9.0 -4.0 -15.0 -18.0 5.0 -20.0 -2.0 -2.0 -4.0 4.0 2.0
-13.0 -7.0 -12.0 -13.0 -24.0 6.0 26.0 20.0 13.0 -10.0 42.0 -28.0 32.0 -16.0 17.0 -23.0 -36.0 10.0 -37.0 42.0 -55.0 -52.0 93.0 5.0 78.0 129.0 74.0 -38.0 -67.0 110.0 -88.0 -141.0 -5.0 61.0 1474.0 1563.0 932.0 -5346.0 -3457.0 75498.0 0.0 30080.0 -5709.0 1048.0 -2331.0 -619.0 -399.0 -188.0 66.0 163.0 -567.0 136.0 -263.0 48.0 -110.0 50.0 -32.0 146.0 -4.0 6.0 -39.0 36.0 -6.0 -16.0 -8.0 19.0 -28.0 -5.0 -14.0 43.0 24.0 5.0 -4.0 15.0 -9.0 -17.0 -12.0 4.0 17.0 -26.0 -1.0 8.0 11.0 -13.0 5.0 4.0 -10.0 9.0 -12.0 -5.0 12.0 7.0 14.0 -10.0 7.0 4.0 -3.0 -22.0 -5.0 -5.0
-2.0 -12.0 -6.0 5.0 16.0 6.0 -9.0 -12.0 15.0 -13.0 26.0 21.0 -21.0 7.0 -3.0 19.0 19.0 26.0 36.0 10.0 -49.0 91.0 31.0 -9.0 93.0 27.0 -52.0 -124.0 27.0 -17.0 -304.0 156.0 78.0 -412.0 -350.0 -1207.0 -1945.0 1074.0 -8780.0 14724.0 30080.0 0.0 -23752.0 -2766.0 -2131.0 -6726.0 1590.0 456.0 -670.0 -369.0 -30.0 6.0 40.0 51.0 88.0 -105.0 11.0 -59.0 43.0 -89.0 -32.0 15.0 -21.0 8.0 14.0 -13.0 -29.0 -5.0 6.0 8.0 24.0 25.0 -31.0 -25.0 -3.0 3.0 16.0 -1.0 24.0 13.0 9.0 5.0 3.0 -2.0 -8.0 -38.0 -2.0 30.0 1.0 -13.0 -10.0 -18.0 -3.0 7.0 -2.0 -7.0 -30.0 -1.0 -12.0 -3.0
-3.0 -8.0 3.0 20.0 4.0 2.0 10.0 -15.0 24.0 -32.0 -25.0 9.0 15.0 4.0 41.0 -3.0 8.0 -32.0 -7.0 83.0 35.0 -8.0 -35.0 -75.0 48.0 2.0 137.0 22.0 6.0 432.0 -23.0 -301.0 162.0 -323.0 491.0 207.0 460.0 -4.0 -436.0 -1551.0 -5709.0 -23752.0 0.0 135083.0 -16373.0 -1897.0 251.0 -507.0 5.0 -393.0 -284.0 -413.0 -420.0 163.0 224.0 -90.0 25.0 -30.0 -15.0 -6.0 -37.0 81.0 -73.0 22.0 -48.0 15.0 25.0 -38.0 0.0 2.0 38.0 -3.0 8.0 -10.0 29.0 -8.0 -5.0 23.0 -15.0 0.0 15.0 -9.0 8.0 -2.0 0.0 -12.0 -2.0 -3.0 -16.0 -21.0 -14.0 8.0 -7.0 -2.0 -18.0 -10.0 -3.0 -4.0 5.0 -25.0
-18.0 18.0 -21.0 0.0 19.0 5.0 -19.0 16.0 -13.0 2.0 -28.0 -6.0 -17.0 40.0 6.0 -9.0 -5.0 -39.0 15.0 48.0 36.0 8.0 110.0 52.0 -13.0 28.0 42.0 -64.0 -54.0 99.0 6.0 -29.0 89.0 -225.0 -337.0 -412.0 -869.0 -1315.0 692.0 1019.0 1048.0 -2766.0 135083.0 0.0 -53192.0 -816.0 -4738.0 -752.0 139.0 72.0 280.0 450.0 -161.0 -84.0 238.0 -60.0 4.0 -75.0 -120.0 -62.0 4.0 108.0 34.0 -9.0 -12.0 44.0 -18.0 -14.0 -22.0 16.0 -13.0 33.0 14.0 18.0 -31.0 15.0 -40.0 4.0 11.0 -8.0 2.0 20.0 9.0 4.0 -5.0 -9.0 0.0 14.0 -3.0 2.0 23.0 -3.0 -20.0 15.0 -9.0 2.0 -23.0 4.0 1.0 -7.0
-1.0 6.0 -7.0 -10.0 1.0 17.0 -12.0 -9.0 16.0 -7.0 5.0 -7.0 -15.0 8.0 27.0 -15.0 12.0 -33.0 26.0 4.0 -17.0 -1.0 -20.0 50.0 -2.0 50.0 -76.0 67.0 -28.0 136.0 -91.0 389.0 68.0 -213.0 182.0 464.0 -341.0 459.0 -44.0 517.0 -2331.0 -2131.0 -16373.0 -53192.0 0.0 80302.0 -3031.0 -1507.0 840.0 -153.0 1024.0 193.0 -125.0 -249.0 97.0 -79.0 2.0 -32.0 48.0 -58.0 -17.0 -35.0 30.0 -4.0 -16.0 33.0 0.0 40.0 -36.0 -16.0 15.0 -31.0 -32.0 -29.0 -15.0 -11.0 -4.0 -59.0 -3.0 24.0 1.0 2.0 4.0 -29.0 21.0 -5.0 4.0 -1.0 -2.0 -13.0 3.0 -43.0 -21.0 12.0 21.0 10.0 8.0 -8.0 -11.0 6.0
-3.0 11.0 15.0 8.0 -4.0 -2.0 19.0 14.0 -6.0 8.0 18.0 11.0 -11.0 5.0 -10.0 1.0 18.0 22.0 -35.0 24.0 14.0 9.0 -19.0 -43.0 -19.0 -78.0 95.0 51.0 -29.0 118.0 -79.0 -125.0 182.0 117.0 -162.0 -244.0 133.0 -725.0 240.0 -452.0 -619.0 -6726.0 -1897.0 -816.0 80302.0 0.0 58439.0 -19988.0 1181.0 -838.0 938.0 -166.0 1331.0 21.0 -364.0 -115.0 102.0 12.0 110.0 86.0 2.0 11.0 -21.0 -34.0 -19.0 -60.0 59.0 -6.0 -26.0 22.0 -32.0 52.0 -18.0 2.0 -1.0 22.0 4.0 -14.0 -17.0 -15.0 27.0 6.0 1.0 11.0 -17.0 13.0 -6.0 3.0 -12.0 -1.0 -2.0 -8.0 -3.0 17.0 7.0 -11.0 -8.0 -6.0 -1.0 4.0
16.0 8.0 -3.0 -2.0 0.0 0.0 -2.0 3.0 -13.0 -9.0 1.0 -8.0 -29.0 -9.0 -9.0 -37.0 -33.0 -26.0 -20.0 14.0 -5.0 23.0 -26.0 35.0 66.0 -56.0 9.0 6.0 -3.0 40.0 -162.0 -38.0 -212.0 41.0 14.0 81.0 754.0 42.0 21.0 -255.0 -399.0 1590.0 251.0 -4738.0 -3031.0 58439.0 0.0 -65756.0 -9888.0 5478.0 2368.0 -1281.0 -44.0 372.0 -203.0 -428.0 -156.0 167.0 14.0 -88.0 187.0 -57.0 -116.0 55.0 -57.0 10.0 -8.0 29.0 -17.0 52.0 7.0 -2.0 41.0 17.0 40.0 -48.0 6.0 -1.0 8.0 2.0 18.0 -5.0 6.0 -4.0 -9.0 9.0 15.0 -17.0 -8.0 12.0 -17.0 -4.0 -15.0 15.0 2.0 11.0 4.0 6.0 -24.0 24.0
-17.0 -5.0 -1.0 13.0 6.0 -22.0 -3.0 -12.0 1.0 -10.0 12.0 6.0 -14.0 14.0 11.0 -15.0 14.0 28.0 -14.0 8.0 -42.0 14.0 -70.0 8.0 44.0 -90.0 68.0 -37.0 -7.0 58.0 99.0 56.0 78.0 -129.0 61.0 186.0 -13.0 71.0 -86.0 -160.0 -188.0 456.0 -507.0 -752.0 -1507.0 -19988.0 -65756.0 0.0 -61939.0 1390.0 -1111.0 -1546.0 1031.0 310.0 -733.0 439.0 -70.0 -121.0 56.0 10.0 14.0 139.0 186.0 90.0 -26.0 30.0 39.0 117.0 -67.0 -1.0 47.0 -46.0 -16.0 -37.0 20.0 29.0 23.0 15.0 13.0 -4.0 20.0 16.0 12.0 -3.0 -17.0 -2.0 6.0 0.0 1.0 5.0 -8.0 -5.0 15.0 5.0 10.0 4.0 8.0 15.0 8.0 12.0
-5.0 -3.0 -12.0 23.0 -31.0 -1.0 3.0 5.0 -7.0 -7.0 -13.0 15.0 -11.0 -38.0 -4.0 -16.0 6.0 -7.0 34.0 -6.0 13.0 8.0 65.0 -13.0 0.0 -53.0 -1.0 13.0 -7.0 57.0 41.0 11.0 34.0 -243.0 57.0 -31.0 3.0 66.0 -133.0 138.0 66.0 -670.0 5.0 139.0 840.0 1181.0 -9888.0 -61939.0 0.0 45705.0 4326.0 -5099.0 1974.0 -1333.0 515.0 -251.0 -147.0 75.0 111.0 96.0 -175.0 -44.0 -24.0 -67.0 24.0 -128.0 16.0 -21.0 15.0 -32.0 -52.0 -15.0 29.0 5.0 19.0 60.0 -20.0 25.0 -21.0 16.0 -7.0 19.0 -4.0 -8.0 -11.0 21.0 11.0 29.0 -11.0 -14.0 8.0 -23.0 -4.0 1.0 16.0 6.0 17.0 -7.0 -9.0 -5.0
-7.0 -4.0 7.0 23.0 -14.0 1.0 15.0 0.0 -4.0 11.0 -23.0 -4.0 3.0 4.0 28.0 17.0 -14.0 -11.0 0.0 -16.0 -13.0 -26.0 0.0 7.0 69.0 9.0 -59.0 -6.0 -1.0 46.0 -26.0 36.0 40.0 -49.0 -62.0 175.0 -74.0 -72.0 245.0 -223.0 163.0 -369.0 -393.0 72.0 -153.0 -838.0 5478.0 1390.0 45705.0 0.0 14958.0 8685.0 -10357.0 3910.0 718.0 -185.0 -141.0 -496.0 36.0 325.0 -49.0 222.0 73.0 -61.0 -59.0 -33.0 -76.0 -22.0 30.0 -18.0 -17.0 17.0 8.0 65.0 27.0 -9.0 8.0 7.0 -1.0 -4.0 -3.0 -58.0 6.0 -9.0 13.0 -1.0 4.0 -18.0 10.0 -8.0 13.0 6.0 -14.0 -1.0 -3.0 3.0 4.0 8.0 -13.0 -16.0
6.0 13.0 -4.0 -7.0 -10.0 9.0 -2.0 22.0 -17.0 10.0 -1.0 -5.0 -4.0 -11.0 6.0 -8.0 2.0 -13.0 -25.0 -11.0 -23.0 12.0 -4.0 4.0 -2.0 31.0 43.0 -18.0 -29.0 37.0 8.0 65.0 19.0 28.0 54.0 -40.0 54.0 211.0 37.0 145.0 -567.0 -30.0 -284.0 280.0 1024.0 938.0 2368.0 -1111.0 4326.0 14958.0 0.0 -2666.0 -4944.0 6696.0 -996.0 662.0 -1062.0 -446.0 -348.0 605.0 -179.0 84.0 -185.0 -34.0 -40.0 -131.0 -19.0 -79.0 -12.0 -4.0 -29.0 -26.0 -39.0 -9.0 17.0 -6.0 23.0 32.0 0.0 21.0 -8.0 16.0 16.0 15.0 -8.0 1.0 13.0 16.0 15.0 13.0 16.0 -14.0 -13.0 -10.0 -9.0 -1.0 1.0 -14.0 13.0 -18.0
-29.0 -18.0 2.0 21.0 -21.0 12.0 -4.0 10.0 12.0 5.0 -6.0 13.0 -2.0 8.0 -19.0 -9.0 -21.0 -3.0 3.0 -26.0 10.0 11.0 -4.0 2.0 -21.0 48.0 -12.0 -36.0 28.0 -37.0 -23.0 20.0 -62.0 52.0 8.0 105.0 -94.0 -18.0 137.0 122.0 136.0 6.0 -413.0 450.0 193.0 -166.0 -1281.0 -1546.0 -5099.0 8685.0 -2666.0 0.0 -88883.0 -3050.0 40.0 1398.0 -1104.0 1185.0 1039.0 105.0 162.0 -150.0 -128.0 -46.0 64.0 -42.0 5.0 -11.0 130.0 -41.0 -66.0 113.0 10.0 24.0 11.0 34.0 -10.0 -63.0 20.0 2.0 -11.0 -31.0 -1.0 -14.0 2.0 1.0 -7.0 -3.0 -2.0 -6.0 -20.0 -10.0 0.0 -12.0 6.0 -19.0 -9.0 -9.0 14.0 -8.0
0.0 -21.0 -2.0 -9.0 -4.0 9.0 22.0 -5.0 0.0 -3.0 -19.0 21.0 -22.0 -27.0 8.0 5.0 -13.0 -5.0 19.0 -9.0 -22.0 -3.0 -8.0 32.0 11.0 31.0 -12.0 -37.0 -20.0 39.0 -22.0 -87.0 64.0 -23.0 -45.0 -36.0 79.0 -34.0 111.0 51.0 -263.0 40.0 -420.0 -161.0 -125.0 1331.0 -44.0 1031.0 1974.0 -10357.0 -4944.0 -88883.0 0.0 123352.0 -4361.0 1133.0 -525.0 -1083.0 -1116.0 284.0 112.0 90.0 -514.0 241.0 46.0 -33.0 14.0 67.0 -11.0 -22.0 -56.0 -101.0 -108.0 66.0 -18.0 -17.0 66.0 -4.0 41.0 8.0 16.0 -1.0 -5.0 -17.0 29.0 -5.0 2.0 -25.0 9.0 -1.0 7.0 19.0 11.0 11.0 14.0 -5.0 -13.0 -11.0 -23.0 -18.0
-2.0 -4.0 21.0 -27.0 19.0 19.0 30.0 17.0 9.0 22.0 10.0 12.0 13.0 27.0 -4.0 10.0 21.0 11.0 -6.0 -23.0 -7.0 20.0 12.0 -44.0 11.0 -10.0 42.0 4.0 17.0 1.0 1.0 34.0 0.0 -47.0 0.0 45.0 100.0 51.0 158.0 52.0 48.0 51.0 163.0 -84.0 -249.0 21.0 372.0 310.0 -1333.0 3910.0 6696.0 -3050.0 123352.0 0.0 104409.0 2636.0 3258.0 -2932.0 -1736.0 -733.0 -589.0 189.0 86.0 232.0 -246.0 238.0 137.0 -81.0 80.0 -45.0 -17.0 -43.0 36.0 34.0 -9.0 71.0 -72.0 -20.0 -10.0 -1.0 -1.0 1.0 18.0 -4.0 26.0 -13.0 -15.0 -13.0 16.0 -27.0 1.0 -30.0 -6.0 20.0 -5.0 6.0 1.0 9.0 -9.0 -24.0
-27.0 -1.0 2.0 0.0 10.0 43.0 -5.0 -4.0 -5.0 18.0 -28.0 2.0 6.0 -1.0 -7.0 -20.0 3.0 20.0 -13.0 4.0 10.0 10.0 -3.0 -45.0 20.0 1.0 -28.0 -19.0 -26.0 -11.0 -21.0 5.0 53.0 -30.0 41.0 -51.0 -65.0 -2.0 -40.0 -62.0 -110.0 88.0 224.0 238.0 97.0 -364.0 -203.0 -733.0 515.0 718.0 -996.0 40.0 -4361.0 104409.0 0.0 -181596.0 -9043.0 -3460.0 -249.0 -674.0 -1124.0 514.0 494.0 576.0 -691.0 -561.0 -270.0 137.0 -46.0 100.0 79.0 -19.0 -7.0 41.0 -1.0 -14.0 -35.0 23.0 5.0 -17.0 -5.0 -15.0 11.0 -18.0 -14.0 -16.0 4.0 -9.0 -18.0 -14.0 -10.0 -14.0 6.0 -16.0 -3.0 -10.0 -10.0 -3.0 30.0 -7.0
29.0 -1.0 11.0 14.0 -10.0 11.0 -2.0 12.0 -7.0 23.0 7.0 -23.0 34.0 -28.0 3.0 -7.0 -15.0 -4.0 16.0 27.0 23.0 -38.0 -13.0 21.0 22.0 -1.0 37.0 -30.0 -8.0 -2.0 -29.0 -9.0 14.0 -16.0 63.0 -33.0 -19.0 47.0 45.0 64.0 50.0 -105.0 -90.0 -60.0 -79.0 -115.0 -428.0 439.0 -251.0 -185.0 662.0 1398.0 1133.0 2636.0 -181596.0 0.0 68673.0 -26872.0 80.0 3536.0 -1107.0 -1048.0 -187.0 -163.0 321.0 72.0 3.0 76.0 -60.0 -244.0 -31.0 -189.0 -62.0 -7.0 42.0 53.0 -46.0 11.0 47.0 21.0 -6.0 35.0 -39.0 7.0 3.0 -1.0 10.0 14.0 15.0 8.0 24.0 -4.0 2.0 20.0 5.0 -16.0 -19.0 20.0 6.0 -4.0
1.0 4.0 14.0 9.0 -19.0 -9.0 -20.0 -11.0 -19.0 -26.0 1.0 -11.0 13.0 -8.0 4.0 -17.0 9.0 10.0 -8.0 -1.0 18.0 -5.0 2.0 14.0 13.0 29.0 28.0 1.0 52.0 25.0 -17.0 -3.0 57.0 -11.0 23.0 -25.0 -18.0 55.0 4.0 -62.0 -32.0 11.0 25.0 4.0 2.0 102.0 -156.0 -70.0 -147.0 -141.0 -1062.0 -1104.0 -525.0 3258.0 -9043.0 68673.0 0.0 -3395.0 -7475.0 9132.0 -2401.0 -175.0 1199.0 -342.0 -443.0 151.0 -382.0 275.0 -52.0 29.0 -149.0 -95.0 -17.0 51.0 21.0 -49.0 -41.0 26.0 15.0 -52.0 16.0 6.0 42.0 3.0 12.0 2.0 -42.0 5.0 -8.0 -2.0 -30.0 -19.0 13.0 -1.0 15.0 34.0 -2.0 -4.0 12.0 -23.0
-6.0 -17.0 19.0 2.0 8.0 -5.0 -5.0 19.0 0.0 -23.0 8.0 1.0 -1.0 19.0 -12.0 13.0 35.0 -4.0 4.0 7.0 26.0 -1.0 -15.0 -12.0 -11.0 23.0 9.0 -6.0 -25.0 69.0 -10.0 -59.0 -43.0 -1.0 -13.0 -4.0 -53.0 44.0 -12.0 -6.0 146.0 -59.0 -30.0 -75.0 -32.0 12.0 167.0 -121.0 75.0 -496.0 -446.0 1185.0 -1083.0 -2932.0 -3460.0 -26872.0 -3395.0 0.0 -14904.0 -5275.0 2546.0 -4510.0 247.0 74.0 421.0 568.0 -491.0 -225.0 26.0 -174.0 34.0 -49.0 86.0 48.0 7.0 -15.0 -58.0 97.0 53.0 15.0 1.0 -53.0 -10.0 34.0 8.0 -18.0 20.0 -44.0 7.0 -9.0 0.0 -15.0 3.0 -16.0 -13.0 -27.0 -12.0 -23.0 -13.0 -12.0
11.0 6.0 5.0 11.0 -13.0 7.0 26.0 6.0 -2.0 17.0 10.0 -5.0 7.0 8.0 -1.0 11.0 -7.0 23.0 -31.0 19.0 -4.0 2.0 16.0 2.0 5.0 7.0 7.0 -21.0 -8.0 -11.0 33.0 -19.0 -34.0 15.0 18.0 -15.0 -20.0 14.0 -70.0 20.0 -4.0 43.0 -15.0 -120.0 48.0 110.0 14.0 56.0 111.0 36.0 -348.0 1039.0 -1116.0 -1736.0 -249.0 80.0 -7475.0 -14904.0 0.0 92142.0 -9770.0 1919.0 6.0 -1563.0 -916.0 0.0 236.0 433.0 -221.0 96.0 -86.0 -196.0 169.0 96.0 98.0 33.0 -121.0 48.0 -13.0 -15.0 -27.0 61.0 -45.0 23.0 2.0 -10.0 -14.0 -13.0 -9.0 -40.0 10.0 15.0 12.0 -18.0 27.0 -25.0 -27.0 0.0 -16.0 5.0
27.0 0.0 22.0 18.0 4.0 1.0 -7.0 5.0 6.0 -1.0 -11.0 11.0 10.0 13.0 5.0 14.0 8.0 7.0 -1.0 0.0 -16.0 -3.0 54.0 -31.0 -4.0 -33.0 -20.0 -16.0 6.0 -6.0 -11.0 -3.0 -45.0 5.0 -38.0 -2.0 81.0 21.0 30.0 -39.0 6.0 -89.0 -6.0 -62.0 -58.0 86.0 -88.0 10.0 96.0 325.0 605.0 105.0 284.0 -733.0 -674.0 3536.0 9132.0 -5275.0 92142.0 0.0 -38716.0 -15150.0 -2655.0 -3350.0 -821.0 743.0 973.0 789.0 -195.0 283.0 278.0 -43.0 73.0 16.0 -112.0 31.0 -69.0 99.0 -18.0 -4.0 12.0 36.0 -27.0 68.0 -38.0 11.0 -33.0 10.0 37.0 18.0 -6.0 25.0 -35.0 -19.0 1.0 14.0 7.0 -2.0 8.0 14.0
21.0 -19.0 10.0 17.0 -8.0 0.0 3.0 -2.0 -11.0 -1.0 -6.0 28.0 6.0 -26.0 -8.0 -3.0 -1.0 7.0 -9.0 -9.0 -17.0 8.0 2.0 -4.0 3.0 17.0 -8.0 -18.0 10.0 -19.0 41.0 29.0 0.0 -32.0 -9.0 2.0 -31.0 19.0 -20.0 -14.0 -39.0 -32.0 -37.0 4.0 -17.0 2.0 187.0 14.0 -175.0 -49.0 -179.0 162.0 112.0 -589.0 -1124.0 -1107.0 -2401.0 2546.0 -9770.0 -38716.0 0.0 -17788.0 24510.0 -3004.0 -2673.0 -1944.0 -928.0 182.0 -323.0 -81.0 220.0 214.0 30.0 22.0 4.0 70.0 -19.0 3.0 -8.0 6.0 48.0 33.0 6.0 44.0 -42.0 24.0 6.0 -14.0 -14.0 -7.0 -8.0 15.0 4.0 26.0 18.0 41.0 3.0 8.0 -1.0 -13.0
16.0 20.0 -16.0 -17.0 -8.0 -15.0 -14.0 16.0 0.0 0.0 24.0 11.0 9.0 -14.0 -20.0 -21.0 5.0 19.0 -17.0 -32.0 7.0 33.0 1.0 -2.0 -10.0 -8.0 37.0 12.0 -6.0 24.0 19.0 -37.0 4.0 15.0 -46.0 7.0 -25.0 -5.0 -14.0 17.0 36.0 15.0 81.0 108.0 -35.0 11.0 -57.0 139.0 -44.0 222.0 84.0 -150.0 90.0 189.0 514.0 -1048.0 -175.0 -4510.0 1919.0 -15150.0 -17788.0 0.0 47705.0 -2800.0 -1449.0 3421.0 891.0 105.0 -221.0 -950.0 -113.0 210.0 135.0 -34.0 35.0 30.0 53.0 34.0 -13.0 40.0 -33.0 -45.0 7.0 -33.0 -36.0 22.0 -35.0 56.0 9.0 -24.0 21.0 -13.0 25.0 -23.0 -21.0 0.0 14.0 -8.0 2.0 7.0
23.0 -16.0 -11.0 9.0 -17.0 -13.0 5.0 3.0 -15.0 11.0 16.0 13.0 18.0 5.0 -5.0 -12.0 1.0 4.0 -29.0 15.0 -2.0 12.0 15.0 -27.0 -21.0 6.0 -1.0 -16.0 -15.0 -18.0 -25.0 2.0 11.0 -7.0 33.0 18.0 8.0 -19.0 26.0 -27.0 -6.0 -21.0 -73.0 34.0 30.0 -21.0 -116.0 186.0 -24.0 73.0 -185.0 -128.0 -514.0 86.0 494.0 -187.0 1199.0 247.0 6.0 -2655.0 24510.0 47705.0 0.0 -31107.0 11465.0 8269.0 -665.0 -544.0 254.0 623.0 77.0 -135.0 235.0 -2.0 176.0 -32.0 132.0 25.0 -33.0 19.0 111.0 26.0 46.0 -60.0 7.0 -62.0 -1.0 -28.0 14.0 -70.0 21.0 7.0 19.0 16.0 0.0 14.0 58.0 1.0 -10.0 34.0
-7.0 -22.0 9.0 -17.0 1.0 -15.0 -22.0 -10.0 -2.0 6.0 12.0 -2.0 7.0 -8.0 5.0 -2.0 12.0 -14.0 -23.0 2.0 15.0 15.0 -12.0 3.0 -10.0 -2.0 11.0 14.0 13.0 14.0 -36.0 20.0 -6.0 8.0 8.0 -28.0 -30.0 -17.0 -56.0 -45.0 -16.0 8.0 22.0 -9.0 -4.0 -34.0 55.0 90.0 -67.0 -61.0 -34.0 -46.0 241.0 232.0 576.0 -163.0 -342.0 74.0 -1563.0 -3350.0 -3004.0 -2800.0 -31107.0 0.0 -61511.0 2092.0 4331.0 -2496.0 -288.0 -974.0 86.0 -20.0 -13.0 162.0 212.0 -351.0 -122.0 186.0 77.0 -38.0 52.0 68.0 34.0 -56.0 -2.0 39.0 8.0 23.0 -33.0 18.0 23.0 15.0 -5.0 8.0 -8.0 -34.0 -4.0 3.0 18.0 5.0
-7.0 -6.0 4.0 -2.0 5.0 -2.0 0.0 1.0 -23.0 9.0 8.0 12.0 -30.0 2.0 -21.0 6.0 -5.0 7.0 5.0 5.0 -5.0 14.0 -8.0 0.0 -11.0 20.0 -5.0 -17.0 14.0 11.0 5.0 -15.0 -18.0 -17.0 -27.0 -12.0 17.0 7.0 65.0 -31.0 -8.0 14.0 -48.0 -12.0 -16.0 -19.0 -57.0 -26.0 24.0 -59.0 -40.0 64.0 46.0 -246.0 -691.0 321.0 -443.0 421.0 -916.0 -821.0 -2673.0 -1449.0 11465.0 -61511.0 0.0 18932.0 15316.0 -906.0 -318.0 865.0 -94.0 136.0 39.0 232.0 202.0 -234.0 -103.0 -259.0 54.0 54.0 198.0 -73.0 -22.0 -37.0 -14.0 -79.0 -41.0 22.0 -50.0 24.0 -39.0 6.0 35.0 17.0 13.0 -8.0 -10.0 7.0 9.0 18.0
10.0 6.0 0.0 1.0 -13.0 -14.0 24.0 -11.0 5.0 4.0 15.0 23.0 13.0 1.0 -3.0 -12.0 -24.0 -9.0 1.0 7.0 -8.0 8.0 -1.0 -5.0 4.0 -9.0 -2.0 23.0 6.0 -1.0 -14.0 -10.0 2.0 8.0 -19.0 -8.0 -2.0 -31.0 -2.0 -65.0 19.0 -13.0 15.0 44.0 33.0 -60.0 10.0 30.0 -128.0 -33.0 -131.0 -42.0 -33.0 238.0 -561.0 72.0 151.0 568.0 0.0 743.0 -1944.0 3421.0 8269.0 2092.0 18932.0 0.0 35588.0 4953.0 61.0 -645.0 -657.0 519.0 30.0 -336.0 336.0 -11.0 -15.0 -294.0 -45.0 -133.0 -87.0 -24.0 134.0 73.0 38.0 90.0 77.0 -73.0 -26.0 -3.0 22.0 -10.0 3.0 -4.0 20.0 -45.0 1.0 1.0 41.0 13.0
-3.0 -5.0 18.0 3.0 -12.0 -7.0 3.0 -10.0 3.0 -1.0 -15.0 3.0 -7.0 -1.0 -6.0 34.0 -11.0 -4.0 33.0 -2.0 -30.0 -17.0 -5.0 15.0 9.0 -15.0 0.0 2.0 -28.0 1.0 12.0 7.0 -18.0 19.0 23.0 -5.0 -22.0 -29.0 -12.0 -32.0 -28.0 -29.0 25.0 -18.0 0.0 59.0 -8.0 39.0 16.0 -76.0 -19.0 5.0 14.0 137.0 -270.0 3.0 -382.0 -491.0 236.0 973.0 -928.0 891.0 -665.0 4331.0 15316.0 35588.0 0.0 12151.0 -2104.0 151.0 1253.0 710.0 -383.0 -183.0 -789.0 -182.0 -403.0 -86.0 103.0 12.0 -3.0 20.0 -128.0 -84.0 -15.0 28.0 -36.0 8.0 19.0 20.0 12.0 18.0 -33.0 -26.0 -6.0 -16.0 -16.0 -39.0 19.0 -14.0
-19.0 3.0 -5.0 4.0 25.0 -13.0 2.0 7.0 1.0 -8.0 8.0 -5.0 -3.0 -10.0 5.0 18.0 7.0 4.0 17.0 -5.0 2.0 25.0 -18.0 -13.0 -25.0 7.0 7.0 -9.0 -6.0 -17.0 -7.0 -18.0 -31.0 -15.0 -16.0 -6.0 -29.0 -7.0 -43.0 -9.0 -5.0 -5.0 -38.0 -14.0 40.0 -6.0 29.0 117.0 -21.0 -22.0 -79.0 -11.0 67.0 -81.0 137.0 76.0 275.0 -225.0 433.0 789.0 182.0 105.0 -544.0 -2496.0 -906.0 4953.0 12151.0 0.0 11427.0 2287.0 5427.0 -2890.0 2463.0 -246.0 484.0 -589.0 127.0 -176.0 301.0 46.0 -226.0 -38.0 41.0 -88.0 146.0 -55.0 -7.0 89.0 21.0 11.0 -31.0 4.0 3.0 41.0 16.0 -2.0 -15.0 -9.0 9.0 5.0
-20.0 -12.0 12.0 -2.0 26.0 -9.0 -35.0 3.0 11.0 1.0 11.0 6.0 -19.0 24.0 -16.0 -3.0 0.0 -19.0 25.0 -4.0 -2.0 -7.0 -6.0 11.0 7.0 -3.0 -5.0 -8.0 1.0 -21.0 -37.0 -4.0 9.0 8.0 -8.0 -13.0 -2.0 10.0 -12.0 18.0 -14.0 6.0 0.0 -22.0 -36.0 -26.0 -17.0 -67.0 15.0 30.0 -12.0 130.0 -11.0 80.0 -46.0 -60.0 -52.0 26.0 -221.0 -195.0 -323.0 -221.0 254.0 -288.0 -318.0 61.0 -2104.0 11427.0 0.0 72229.0 526.0 -3129.0 1958.0 -198.0 825.0 -253.0 -428.0 -498.0 96.0 -17.0 -182.0 -1.0 107.0 -93.0 -20.0 37.0 39.0 60.0 2.0 66.0 -6.0 28.0 28.0 17.0 -9.0 6.0 -42.0 -13.0 23.0 16.0
-3.0 10.0 7.0 30.0 14.0 7.0 6.0 -13.0 11.0 -5.0 -1.0 11.0 3.0 -16.0 -12.0 13.0 2.0 -3.0 -11.0 2.0 -19.0 -5.0 14.0 6.0 6.0 -21.0 -6.0 -1.0 4.0 16.0 34.0 -10.0 1.0 5.0 -2.0 4.0 -6.0 -3.0 1.0 -11.0 43.0 8.0 2.0 16.0 -16.0 22.0 52.0 -1.0 -32.0 -18.0 -4.0 -41.0 -22.0 -45.0 100.0 -244.0 29.0 -174.0 96.0 283.0 -81.0 -950.0 623.0 -974.0 865.0 -645.0 151.0 2287.0 72229.0 0.0 -63210.0 3095.0 -5462.0 550.0 -1054.0 -547.0 431.0 240.0 -402.0 148.0 209.0 159.0 -3.0 118.0 -210.0 -31.0 72.0 -17.0 30.0 19.0 69.0 -73.0 14.0 3.0 32.0 36.0 -33.0 30.0 28.0 2.0
24.0 -21.0 7.0 18.0 -3.0 -21.0 16.0 13.0 -40.0 14.0 -2.0 25.0 19.0 -17.0 -8.0 7.0 -14.0 -12.0 -22.0 5.0 3.0 3.0 -11.0 -9.0 7.0 19.0 12.0 6.0 20.0 13.0 -7.0 -22.0 11.0 10.0 13.0 -14.0 10.0 19.0 8.0 12.0 24.0 24.0 38.0 -13.0 15.0 -32.0 7.0 47.0 -52.0 -17.0 -29.0 -66.0 -56.0 -17.0 79.0 -31.0 -149.0 34.0 -86.0 278.0 220.0 -113.0 77.0 86.0 -94.0 -657.0 1253.0 5427.0 526.0 -63210.0 0.0 -63451.0 7365.0 5384.0 -171.0 4253.0 735.0 -178.0 486.0 -34.0 -229.0 358.0 75.0 -119.0 147.0 -43.0 -51.0 30.0 19.0 5.0 22.0 107.0 -14.0 -8.0 -9.0 -15.0 -54.0 7.0 -21.0 19.0
