0.0 -22256.0 6996.0 -671.0 -106.0 962.0 669.0 225.0 317.0 -109.0 -207.0 -105.0 135.0 86.0 64.0 -2.0 -24.0 -29.0 27.0 45.0 -60.0 14.0 17.0 -18.0 -18.0 -17.0 -38.0 -6.0 16.0 22.0 14.0 -23.0 8.0 -7.0 -6.0 13.0 24.0 -14.0 7.0 -11.0 -13.0 -21.0 11.0 -20.0 -31.0 9.0 -6.0 26.0 3.0 9.0 -7.0 1.0 14.0 -9.0 2.0 -6.0 1.0 -4.0 -1.0 -15.0 -6.0 4.0 17.0 33.0 -46.0 -17.0 7.0 51.0 -7.0 -3.0 2.0 14.0 -16.0 3.0 -7.0 36.0 -3.0 -38.0 -66.0 44.0 3.0 49.0 -45.0 63.0 60.0 25.0 -16.0 -132.0 144.0 246.0 1.0 2.0 -209.0 -70.0 162.0 -2259.0 -293.0 -3914.0 14444.0 39816.0
-22256.0 0.0 -6442.0 -17755.0 753.0 996.0 -497.0 180.0 1110.0 132.0 -293.0 -181.0 264.0 272.0 -46.0 46.0 -183.0 115.0 93.0 -140.0 -11.0 2.0 17.0 -14.0 39.0 -30.0 -33.0 1.0 -58.0 -20.0 -5.0 16.0 -9.0 27.0 21.0 -13.0 -3.0 6.0 16.0 7.0 1.0 6.0 -4.0 -13.0 -11.0 10.0 -3.0 -9.0 13.0 6.0 -23.0 11.0 4.0 14.0 20.0 29.0 -7.0 1.0 9.0 9.0 -9.0 16.0 4.0 -33.0 -8.0 19.0 21.0 1.0 16.0 -49.0 -4.0 2.0 -54.0 12.0 -32.0 -44.0 -19.0 29.0 37.0 -10.0 -19.0 29.0 -20.0 4.0 5.0 -101.0 49.0 -104.0 -52.0 103.0 -374.0 194.0 -200.0 -128.0 -133.0 -430.0 -486.0 -1062.0 -3484.0 -12366.0
6996.0 -6442.0 0.0 23317.0 -17546.0 -7740.0 -616.0 -178.0 -1142.0 -655.0 30.0 136.0 261.0 -96.0 234.0 11.0 98.0 -40.0 57.0 85.0 -15.0 -38.0 15.0 39.0 -11.0 21.0 -26.0 -10.0 2.0 16.0 12.0 29.0 -6.0 7.0 -12.0 -3.0 16.0 6.0 -8.0 4.0 20.0 17.0 4.0 7.0 1.0 10.0 16.0 -13.0 -1.0 -24.0 0.0 -15.0 -10.0 -7.0 6.0 -7.0 34.0 -16.0 -18.0 2.0 -10.0 11.0 0.0 -23.0 35.0 13.0 1.0 6.0 -12.0 4.0 0.0 15.0 -11.0 18.0 4.0 -4.0 19.0 33.0 43.0 -43.0 46.0 2.0 53.0 89.0 -74.0 47.0 -111.0 103.0 191.0 61.0 -138.0 -253.0 176.0 -231.0 155.0 973.0 -159.0 135.0 1306.0 7126.0
-671.0 -17755.0 23317.0 0.0 -29820.0 65.0 -1338.0 3859.0 50.0 -751.0 -709.0 886.0 157.0 -45.0 -145.0 -61.0 -87.0 -45.0 29.0 -157.0 45.0 1.0 46.0 6.0 -61.0 7.0 7.0 -16.0 -3.0 -13.0 0.0 -7.0 10.0 -27.0 11.0 8.0 -30.0 -28.0 12.0 -15.0 27.0 10.0 16.0 -21.0 3.0 -3.0 -5.0 -22.0 -11.0 13.0 19.0 -16.0 -11.0 -4.0 1.0 16.0 7.0 3.0 -6.0 8.0 4.0 15.0 1.0 -3.0 9.0 10.0 7.0 -6.0 -10.0 -12.0 44.0 1.0 -6.0 -27.0 8.0 31.0 -6.0 55.0 -37.0 8.0 12.0 -19.0 -46.0 -40.0 -66.0 -56.0 -44.0 -136.0 -39.0 29.0 96.0 -27.0 248.0 94.0 304.0 -212.0 -46.0 -2213.0 -46.0 -2594.0
-106.0 753.0 -17546.0 -29820.0 0.0 -20286.0 -7196.0 5339.0 -520.0 2628.0 24.0 -509.0 141.0 10.0 -156.0 117.0 -263.0 -75.0 -9.0 30.0 105.0 12.0 75.0 50.0 -10.0 -7.0 -25.0 58.0 -76.0 44.0 -14.0 -15.0 -18.0 10.0 24.0 24.0 -26.0 -22.0 -3.0 -9.0 9.0 34.0 5.0 9.0 -10.0 -11.0 2.0 11.0 -3.0 2.0 -19.0 16.0 -1.0 1.0 17.0 -11.0 -6.0 31.0 20.0 11.0 -8.0 -8.0 2.0 -9.0 -12.0 -21.0 15.0 -4.0 -11.0 11.0 26.0 -11.0 -6.0 -4.0 -6.0 17.0 -16.0 -36.0 21.0 54.0 24.0 -40.0 -29.0 -37.0 46.0 -46.0 -42.0 2.0 -24.0 -98.0 -84.0 161.0 -43.0 150.0 -559.0 533.0 -352.0 -430.0 -561.0 102.0
962.0 996.0 -7740.0 65.0 -20286.0 0.0 -101237.0 37860.0 -72.0 1315.0 1126.0 -388.0 -1026.0 -132.0 -522.0 -171.0 155.0 166.0 -118.0 164.0 65.0 -167.0 -43.0 -57.0 -96.0 -17.0 7.0 1.0 -12.0 -11.0 24.0 -24.0 -3.0 17.0 18.0 28.0 -1.0 31.0 31.0 1.0 -7.0 -6.0 -1.0 -10.0 -1.0 0.0 -23.0 -25.0 5.0 -3.0 5.0 -12.0 4.0 12.0 -19.0 5.0 2.0 -13.0 -8.0 -3.0 -18.0 -21.0 -9.0 -3.0 -11.0 11.0 -3.0 -10.0 5.0 -3.0 1.0 -21.0 -3.0 -5.0 -15.0 14.0 14.0 10.0 -20.0 -45.0 27.0 4.0 8.0 -76.0 0.0 -1.0 7.0 40.0 38.0 139.0 -42.0 -88.0 -148.0 -60.0 227.0 -113.0 -432.0 343.0 124.0 -875.0
669.0 -497.0 -616.0 -1338.0 -7196.0 -101237.0 0.0 -78873.0 8671.0 2484.0 -691.0 339.0 -724.0 404.0 -151.0 377.0 -410.0 163.0 222.0 155.0 51.0 141.0 62.0 -45.0 12.0 70.0 -13.0 -8.0 -4.0 -36.0 20.0 6.0 18.0 9.0 -30.0 28.0 -29.0 7.0 -26.0 -41.0 -5.0 13.0 14.0 -5.0 7.0 -3.0 11.0 6.0 -12.0 -15.0 -6.0 -15.0 -23.0 -8.0 9.0 16.0 9.0 -9.0 -11.0 -13.0 -11.0 -2.0 -1.0 -6.0 -6.0 -16.0 -15.0 -14.0 -6.0 -13.0 29.0 7.0 -3.0 9.0 -1.0 29.0 -16.0 -3.0 -12.0 -22.0 0.0 -23.0 -12.0 80.0 -11.0 -1.0 -46.0 -4.0 26.0 -15.0 -19.0 -93.0 40.0 274.0 39.0 97.0 4.0 38.0 242.0 871.0
225.0 180.0 -178.0 3859.0 5339.0 37860.0 -78873.0 0.0 16997.0 15116.0 8383.0 2699.0 927.0 1034.0 -12.0 111.0 5.0 -160.0 -37.0 253.0 105.0 -53.0 12.0 38.0 72.0 -18.0 -3.0 16.0 -50.0 -20.0 43.0 35.0 67.0 -6.0 26.0 -16.0 10.0 0.0 -15.0 9.0 -20.0 -12.0 20.0 -20.0 -4.0 -16.0 -29.0 27.0 9.0 -5.0 5.0 -3.0 3.0 -19.0 -7.0 11.0 -24.0 -1.0 -20.0 -10.0 -18.0 6.0 3.0 -8.0 18.0 -11.0 -5.0 -5.0 -7.0 1.0 -22.0 35.0 11.0 19.0 15.0 11.0 -9.0 -14.0 -2.0 -15.0 4.0 7.0 -39.0 -60.0 36.0 -2.0 -6.0 46.0 63.0 46.0 -40.0 -86.0 37.0 -119.0 -87.0 -223.0 -92.0 -322.0 225.0 -80.0
317.0 1110.0 -1142.0 50.0 -520.0 -72.0 8671.0 16997.0 0.0 -11980.0 -1012.0 172.0 -4065.0 1411.0 1112.0 -686.0 -325.0 -446.0 -28.0 78.0 30.0 92.0 29.0 63.0 -28.0 63.0 3.0 62.0 25.0 41.0 14.0 1.0 23.0 -8.0 25.0 9.0 -10.0 6.0 -4.0 13.0 2.0 -8.0 -9.0 10.0 -16.0 -26.0 3.0 -10.0 -1.0 -2.0 6.0 8.0 0.0 0.0 14.0 4.0 -4.0 -10.0 15.0 -15.0 13.0 -4.0 -13.0 0.0 23.0 -14.0 1.0 8.0 4.0 12.0 14.0 11.0 7.0 -6.0 5.0 29.0 18.0 -40.0 -12.0 13.0 21.0 11.0 5.0 24.0 24.0 35.0 -39.0 13.0 2.0 -80.0 -22.0 41.0 -7.0 -47.0 -59.0 165.0 -57.0 -22.0 -39.0 64.0
-109.0 132.0 -655.0 -751.0 2628.0 1315.0 2484.0 15116.0 -11980.0 0.0 -40525.0 -2281.0 -5442.0 1123.0 -694.0 -6.0 264.0 1193.0 -87.0 -64.0 2.0 -13.0 -242.0 115.0 112.0 -50.0 -106.0 -3.0 -49.0 -89.0 33.0 45.0 3.0 62.0 -13.0 11.0 15.0 -20.0 -52.0 27.0 -15.0 -21.0 15.0 7.0 19.0 9.0 11.0 -2.0 -15.0 -18.0 -2.0 -4.0 14.0 13.0 -7.0 -15.0 -7.0 -11.0 11.0 32.0 14.0 -9.0 -7.0 7.0 -6.0 -4.0 -9.0 -1.0 6.0 -11.0 -5.0 -17.0 36.0 3.0 22.0 -5.0 20.0 -23.0 8.0 -5.0 15.0 17.0 10.0 -8.0 -15.0 19.0 -29.0 50.0 25.0 0.0 -33.0 122.0 -9.0 -18.0 -21.0 68.0 153.0 30.0 -105.0 -321.0
-207.0 -293.0 30.0 -709.0 24.0 1126.0 -691.0 8383.0 -1012.0 -40525.0 0.0 -78865.0 23317.0 2230.0 3504.0 -2056.0 1306.0 -1412.0 -197.0 77.0 246.0 -185.0 144.0 -42.0 -204.0 112.0 99.0 5.0 16.0 17.0 47.0 64.0 20.0 16.0 16.0 5.0 -22.0 -2.0 -21.0 31.0 -5.0 25.0 -2.0 -15.0 -5.0 -2.0 37.0 10.0 -9.0 -13.0 15.0 -1.0 -13.0 8.0 1.0 -7.0 1.0 3.0 -5.0 -2.0 22.0 6.0 1.0 -6.0 15.0 -10.0 -7.0 -10.0 -2.0 -9.0 -7.0 20.0 5.0 11.0 -31.0 -4.0 -13.0 5.0 20.0 41.0 -35.0 -5.0 -2.0 29.0 4.0 -17.0 -43.0 34.0 -19.0 13.0 -10.0 -80.0 -38.0 27.0 -99.0 -123.0 105.0 -140.0 -108.0 -38.0
-105.0 -181.0 136.0 886.0 -509.0 -388.0 339.0 2699.0 172.0 -2281.0 -78865.0 0.0 -8310.0 1962.0 -740.0 -66.0 -2020.0 910.0 -43.0 -410.0 382.0 -264.0 259.0 -91.0 -18.0 -13.0 -31.0 48.0 -13.0 -59.0 132.0 -88.0 31.0 -29.0 69.0 14.0 36.0 -31.0 -18.0 12.0 -29.0 -16.0 16.0 -2.0 -2.0 24.0 -3.0 -21.0 8.0 2.0 10.0 -5.0 7.0 -12.0 5.0 22.0 15.0 -7.0 8.0 5.0 7.0 -18.0 5.0 -4.0 9.0 16.0 -8.0 -6.0 8.0 -18.0 33.0 -3.0 -16.0 -13.0 -9.0 -12.0 -5.0 -7.0 -16.0 6.0 0.0 -1.0 -5.0 -3.0 -35.0 -33.0 48.0 11.0 28.0 0.0 12.0 18.0 32.0 105.0 32.0 44.0 22.0 -53.0 121.0 -179.0
135.0 264.0 261.0 157.0 141.0 -1026.0 -724.0 927.0 -4065.0 -5442.0 23317.0 -8310.0 0.0 -2132.0 9145.0 6867.0 -989.0 -1251.0 -480.0 750.0 656.0 205.0 128.0 155.0 -254.0 38.0 -198.0 9.0 41.0 -21.0 -74.0 -32.0 -53.0 -95.0 17.0 19.0 38.0 20.0 24.0 -26.0 51.0 -21.0 -8.0 -8.0 -61.0 -6.0 -5.0 20.0 -4.0 12.0 -3.0 -7.0 4.0 26.0 -7.0 -12.0 -32.0 25.0 2.0 5.0 -14.0 6.0 11.0 18.0 20.0 -22.0 7.0 -9.0 14.0 -8.0 22.0 18.0 -16.0 1.0 -6.0 -16.0 7.0 4.0 10.0 27.0 -6.0 -2.0 19.0 -18.0 -23.0 -29.0 21.0 -22.0 -32.0 -51.0 8.0 -9.0 -25.0 10.0 3.0 -113.0 3.0 66.0 49.0 -102.0
86.0 272.0 -96.0 -45.0 10.0 -132.0 404.0 1034.0 1411.0 1123.0 2230.0 1962.0 -2132.0 0.0 -4016.0 1175.0 4323.0 -1842.0 640.0 2345.0 -43.0 65.0 -165.0 -145.0 -123.0 -56.0 -162.0 -101.0 25.0 70.0 7.0 -37.0 -12.0 18.0 -8.0 45.0 48.0 -40.0 4.0 -23.0 -30.0 -4.0 -30.0 -5.0 41.0 -18.0 3.0 3.0 -16.0 3.0 0.0 -2.0 4.0 -22.0 -6.0 7.0 10.0 15.0 12.0 9.0 -10.0 -12.0 -2.0 2.0 -21.0 -14.0 23.0 -10.0 5.0 -1.0 -1.0 -16.0 10.0 -18.0 -8.0 20.0 3.0 5.0 1.0 -9.0 14.0 28.0 16.0 14.0 9.0 -46.0 29.0 19.0 -23.0 15.0 59.0 -55.0 4.0 -45.0 39.0 -8.0 39.0 -41.0 119.0 -9.0
64.0 -46.0 234.0 -145.0 -156.0 -522.0 -151.0 -12.0 1112.0 -694.0 3504.0 -740.0 9145.0 -4016.0 0.0 49795.0 12236.0 -6377.0 -385.0 1002.0 -185.0 -759.0 -231.0 129.0 25.0 -296.0 97.0 158.0 -111.0 194.0 -32.0 62.0 -73.0 11.0 -36.0 -36.0 -48.0 -12.0 -36.0 -25.0 3.0 18.0 22.0 -37.0 -3.0 6.0 -10.0 -32.0 16.0 -5.0 1.0 18.0 14.0 6.0 -10.0 7.0 -25.0 -5.0 3.0 11.0 -1.0 9.0 -1.0 7.0 11.0 -26.0 -3.0 6.0 -3.0 7.0 -3.0 10.0 36.0 -14.0 -10.0 10.0 -14.0 0.0 -13.0 -49.0 -13.0 22.0 -12.0 -28.0 -9.0 0.0 50.0 19.0 -61.0 45.0 12.0 -20.0 15.0 8.0 -73.0 -29.0 -60.0 -5.0 -88.0 -52.0
-2.0 46.0 11.0 -61.0 117.0 -171.0 377.0 111.0 -686.0 -6.0 -2056.0 -66.0 6867.0 1175.0 49795.0 0.0 -91901.0 7039.0 2357.0 2526.0 1070.0 -2568.0 -4.0 -268.0 111.0 -297.0 200.0 48.0 -50.0 -112.0 -61.0 119.0 113.0 -102.0 -11.0 -75.0 15.0 42.0 -29.0 -26.0 14.0 26.0 -37.0 20.0 -47.0 34.0 40.0 -1.0 -9.0 3.0 3.0 -26.0 18.0 -11.0 -33.0 8.0 -18.0 23.0 5.0 5.0 -12.0 2.0 6.0 -16.0 7.0 17.0 -23.0 5.0 -3.0 -2.0 17.0 -5.0 20.0 7.0 -9.0 -25.0 6.0 10.0 6.0 -1.0 -24.0 17.0 -5.0 12.0 22.0 -4.0 33.0 -28.0 0.0 14.0 -33.0 -40.0 -19.0 -29.0 -15.0 -77.0 -8.0 9.0 49.0 16.0
-24.0 -183.0 98.0 -87.0 -263.0 155.0 -410.0 5.0 -325.0 264.0 1306.0 -2020.0 -989.0 4323.0 12236.0 -91901.0 0.0 -107958.0 495.0 4895.0 -1593.0 -369.0 577.0 -217.0 270.0 -138.0 -92.0 -3.0 -57.0 -160.0 25.0 -135.0 1.0 -90.0 14.0 25.0 58.0 -96.0 -25.0 -27.0 9.0 -28.0 19.0 5.0 3.0 8.0 -23.0 18.0 -13.0 -34.0 16.0 -9.0 -9.0 6.0 2.0 11.0 2.0 -12.0 -8.0 -9.0 -11.0 24.0 6.0 -4.0 20.0 -3.0 13.0 -8.0 5.0 -11.0 3.0 -14.0 -1.0 12.0 6.0 -3.0 16.0 1.0 -22.0 15.0 4.0 -13.0 -43.0 28.0 -10.0 -8.0 24.0 7.0 11.0 2.0 0.0 -15.0 48.0 -24.0 -74.0 5.0 11.0 -41.0 -121.0 -25.0
-29.0 115.0 -40.0 -45.0 -75.0 166.0 163.0 -160.0 -446.0 1193.0 -1412.0 910.0 -1251.0 -1842.0 -6377.0 7039.0 -107958.0 0.0 3532.0 10266.0 -5367.0 -87.0 2527.0 -315.0 -745.0 14.0 -933.0 -123.0 170.0 -41.0 -139.0 89.0 242.0 19.0 -45.0 -119.0 -31.0 30.0 89.0 27.0 50.0 47.0 16.0 8.0 10.0 15.0 -26.0 -27.0 12.0 -16.0 -21.0 -31.0 15.0 7.0 10.0 -1.0 -2.0 -2.0 -15.0 -14.0 17.0 9.0 -2.0 -4.0 -5.0 3.0 2.0 -18.0 -4.0 8.0 -12.0 0.0 19.0 -4.0 -32.0 -23.0 -16.0 10.0 -4.0 11.0 16.0 -24.0 -15.0 -3.0 32.0 -3.0 -18.0 -1.0 27.0 -39.0 10.0 40.0 12.0 36.0 -4.0 38.0 33.0 2.0 22.0 -52.0
27.0 93.0 57.0 29.0 -9.0 -118.0 222.0 -37.0 -28.0 -87.0 -197.0 -43.0 -480.0 640.0 -385.0 2357.0 495.0 3532.0 0.0 24075.0 -4747.0 -899.0 3625.0 3080.0 670.0 -867.0 201.0 374.0 96.0 -98.0 -75.0 169.0 -254.0 28.0 -19.0 62.0 -5.0 20.0 -17.0 1.0 34.0 -12.0 11.0 30.0 12.0 30.0 -18.0 -26.0 -26.0 15.0 -13.0 14.0 20.0 8.0 9.0 -3.0 -2.0 0.0 -17.0 -21.0 -5.0 -27.0 -15.0 -2.0 14.0 9.0 -6.0 -15.0 3.0 3.0 4.0 25.0 5.0 -11.0 6.0 7.0 19.0 9.0 9.0 28.0 -25.0 20.0 10.0 -26.0 17.0 5.0 11.0 12.0 -26.0 0.0 5.0 3.0 -15.0 52.0 -17.0 51.0 -20.0 17.0 30.0 36.0
45.0 -140.0 85.0 -157.0 30.0 164.0 155.0 253.0 78.0 -64.0 77.0 -410.0 750.0 2345.0 1002.0 2526.0 4895.0 10266.0 24075.0 0.0 -40623.0 -12776.0 2955.0 1622.0 635.0 82.0 -6.0 -154.0 137.0 233.0 -373.0 -2.0 -47.0 -49.0 207.0 -3.0 56.0 -78.0 -2.0 -10.0 -36.0 39.0 16.0 -43.0 -35.0 15.0 -10.0 27.0 31.0 -4.0 20.0 4.0 3.0 -1.0 4.0 1.0 -6.0 9.0 -2.0 1.0 -23.0 12.0 0.0 -2.0 -2.0 -11.0 -11.0 9.0 18.0 -10.0 -11.0 -5.0 27.0 -4.0 16.0 0.0 20.0 18.0 -6.0 16.0 -6.0 -13.0 -18.0 21.0 23.0 32.0 -8.0 17.0 -7.0 -4.0 -25.0 34.0 -65.0 3.0 29.0 33.0 -21.0 -17.0 -27.0 2.0
-60.0 -11.0 -15.0 45.0 105.0 65.0 51.0 105.0 30.0 2.0 246.0 382.0 656.0 -43.0 -185.0 1070.0 -1593.0 -5367.0 -4747.0 -40623.0 0.0 -50616.0 -6217.0 4144.0 1845.0 2986.0 -1070.0 -69.0 -422.0 -41.0 493.0 -237.0 2.0 75.0 -150.0 0.0 -20.0 81.0 20.0 9.0 -23.0 36.0 17.0 36.0 -1.0 8.0 43.0 -23.0 22.0 -2.0 -14.0 30.0 1.0 2.0 -22.0 -20.0 55.0 -1.0 0.0 -14.0 6.0 8.0 -25.0 2.0 -21.0 10.0 3.0 -17.0 0.0 -3.0 36.0 13.0 -2.0 -6.0 5.0 4.0 7.0 -1.0 -5.0 13.0 -5.0 -18.0 -8.0 9.0 13.0 3.0 16.0 -6.0 -17.0 12.0 46.0 -1.0 -6.0 19.0 -1.0 -10.0 0.0 15.0 59.0 3.0
14.0 2.0 -38.0 1.0 12.0 -167.0 141.0 -53.0 92.0 -13.0 -185.0 -264.0 205.0 65.0 -759.0 -2568.0 -369.0 -87.0 -899.0 -12776.0 -50616.0 0.0 -3990.0 -3366.0 -4458.0 -1618.0 -1228.0 1126.0 47.0 -934.0 374.0 -120.0 203.0 -129.0 -193.0 -43.0 255.0 -50.0 78.0 -60.0 -50.0 34.0 -13.0 28.0 -2.0 6.0 16.0 -3.0 -8.0 -33.0 -15.0 -1.0 -1.0 -8.0 -3.0 -14.0 -4.0 6.0 -42.0 22.0 6.0 -27.0 -5.0 -6.0 7.0 9.0 5.0 -9.0 17.0 22.0 -17.0 3.0 -3.0 -16.0 8.0 15.0 -17.0 22.0 -6.0 20.0 6.0 -18.0 11.0 12.0 -1.0 -4.0 -12.0 -14.0 7.0 -23.0 -6.0 -6.0 6.0 18.0 36.0 3.0 -18.0 -21.0 -46.0 -19.0
17.0 17.0 15.0 46.0 75.0 -43.0 62.0 12.0 29.0 -242.0 144.0 259.0 128.0 -165.0 -231.0 -4.0 577.0 2527.0 3625.0 2955.0 -6217.0 -3990.0 0.0 -4389.0 -18320.0 -4633.0 -3380.0 1737.0 1019.0 -269.0 7.0 13.0 471.0 208.0 17.0 -2.0 133.0 9.0 161.0 -53.0 80.0 -51.0 1.0 40.0 -31.0 -15.0 -24.0 -7.0 33.0 65.0 19.0 -7.0 11.0 -14.0 19.0 -31.0 26.0 -34.0 -3.0 15.0 -7.0 5.0 -17.0 -5.0 -9.0 -7.0 -3.0 1.0 1.0 1.0 -11.0 -2.0 -25.0 -14.0 -2.0 -12.0 7.0 27.0 6.0 14.0 -1.0 17.0 6.0 0.0 35.0 28.0 -33.0 -18.0 1.0 -41.0 1.0 0.0 64.0 -30.0 -5.0 -2.0 -27.0 30.0 54.0 35.0
-18.0 -14.0 39.0 6.0 50.0 -57.0 -45.0 38.0 63.0 115.0 -42.0 -91.0 155.0 -145.0 129.0 -268.0 -217.0 -315.0 3080.0 1622.0 4144.0 -3366.0 -4389.0 0.0 14340.0 3006.0 3228.0 752.0 741.0 183.0 488.0 290.0 185.0 475.0 26.0 -141.0 -121.0 -136.0 118.0 96.0 -104.0 -9.0 38.0 11.0 5.0 8.0 34.0 -38.0 -11.0 -16.0 -2.0 -36.0 -12.0 -17.0 12.0 19.0 -11.0 32.0 -28.0 -4.0 3.0 -22.0 19.0 6.0 -22.0 19.0 9.0 6.0 -11.0 6.0 -10.0 -15.0 2.0 17.0 10.0 8.0 -6.0 3.0 11.0 -5.0 8.0 0.0 18.0 10.0 3.0 -18.0 -2.0 -5.0 18.0 44.0 2.0 -6.0 1.0 -4.0 8.0 -4.0 -15.0 -51.0 16.0 -27.0
-18.0 39.0 -11.0 -61.0 -10.0 -96.0 12.0 72.0 -28.0 112.0 -204.0 -18.0 -254.0 -123.0 25.0 111.0 270.0 -745.0 670.0 635.0 1845.0 -4458.0 -18320.0 14340.0 0.0 57049.0 -31719.0 4689.0 -36.0 -2892.0 -92.0 509.0 -631.0 158.0 -24.0 91.0 -226.0 65.0 206.0 -187.0 81.0 50.0 7.0 -6.0 12.0 -27.0 32.0 -27.0 -21.0 8.0 22.0 51.0 38.0 -17.0 -15.0 17.0 5.0 -12.0 -7.0 7.0 -8.0 -8.0 10.0 22.0 18.0 13.0 -8.0 26.0 -26.0 0.0 6.0 -1.0 7.0 13.0 -4.0 11.0 0.0 -10.0 -5.0 -3.0 -3.0 -13.0 14.0 -18.0 -21.0 -16.0 -9.0 4.0 26.0 -18.0 2.0 7.0 -2.0 -5.0 7.0 1.0 4.0 -35.0 24.0 -3.0
-17.0 -30.0 21.0 7.0 -7.0 -17.0 70.0 -18.0 63.0 -50.0 112.0 -13.0 38.0 -56.0 -296.0 -297.0 -138.0 14.0 -867.0 82.0 2986.0 -1618.0 -4633.0 3006.0 57049.0 0.0 -72469.0 -11354.0 -2662.0 -43.0 -269.0 -84.0 187.0 -964.0 192.0 245.0 230.0 -65.0 105.0 -151.0 20.0 113.0 38.0 40.0 7.0 26.0 -64.0 -2.0 45.0 14.0 -19.0 9.0 2.0 -30.0 22.0 32.0 60.0 1.0 1.0 -27.0 8.0 14.0 -10.0 -14.0 -15.0 -2.0 8.0 -34.0 -18.0 1.0 4.0 -13.0 -14.0 13.0 19.0 0.0 -8.0 -15.0 -5.0 -3.0 11.0 -3.0 9.0 11.0 -7.0 32.0 -12.0 12.0 0.0 -14.0 5.0 -24.0 22.0 20.0 -11.0 3.0 -1.0 12.0 -5.0 -2.0
-38.0 -33.0 -26.0 7.0 -25.0 7.0 -13.0 -3.0 3.0 -106.0 99.0 -31.0 -198.0 -162.0 97.0 200.0 -92.0 -933.0 201.0 -6.0 -1070.0 -1228.0 -3380.0 3228.0 -31719.0 -72469.0 0.0 -10751.0 8817.0 11154.0 510.0 1737.0 475.0 -26.0 50.0 31.0 85.0 -45.0 -183.0 101.0 44.0 127.0 -72.0 52.0 104.0 -15.0 -94.0 -25.0 39.0 -53.0 -77.0 -13.0 -5.0 15.0 15.0 23.0 26.0 -26.0 -17.0 -25.0 16.0 3.0 -4.0 -9.0 21.0 8.0 4.0 1.0 -3.0 20.0 -4.0 12.0 -25.0 8.0 -15.0 11.0 -29.0 16.0 6.0 5.0 21.0 0.0 9.0 6.0 16.0 -24.0 -19.0 -19.0 16.0 1.0 20.0 21.0 4.0 -33.0 -4.0 -1.0 -12.0 -30.0 -23.0 10.0
-6.0 1.0 -10.0 -16.0 58.0 1.0 -8.0 16.0 62.0 -3.0 5.0 48.0 9.0 -101.0 158.0 48.0 -3.0 -123.0 374.0 -154.0 -69.0 1126.0 1737.0 752.0 4689.0 -11354.0 -10751.0 0.0 239752.0 8164.0 -2057.0 2.0 -1439.0 -896.0 92.0 0.0 50.0 170.0 59.0 185.0 32.0 -196.0 37.0 -32.0 29.0 83.0 13.0 13.0 -60.0 -28.0 -10.0 -5.0 -4.0 -49.0 -32.0 7.0 16.0 5.0 14.0 -9.0 -4.0 20.0 7.0 -1.0 19.0 -9.0 -9.0 -9.0 8.0 -2.0 -16.0 -8.0 11.0 0.0 -25.0 22.0 2.0 -3.0 -11.0 8.0 -19.0 4.0 23.0 -10.0 -4.0 -15.0 -3.0 -41.0 3.0 8.0 7.0 -13.0 -20.0 15.0 6.0 23.0 20.0 -3.0 39.0 0.0
16.0 -58.0 2.0 -3.0 -76.0 -12.0 -4.0 -50.0 25.0 -49.0 16.0 -13.0 41.0 25.0 -111.0 -50.0 -57.0 170.0 96.0 137.0 -422.0 47.0 1019.0 741.0 -36.0 -2662.0 8817.0 239752.0 0.0 106753.0 -22277.0 3329.0 705.0 503.0 -657.0 -332.0 146.0 -374.0 249.0 265.0 258.0 177.0 -24.0 -28.0 -57.0 -56.0 -131.0 57.0 25.0 -4.0 57.0 -17.0 -3.0 16.0 -13.0 -17.0 -22.0 9.0 4.0 -25.0 10.0 34.0 6.0 2.0 -12.0 2.0 2.0 5.0 -22.0 3.0 -30.0 -15.0 11.0 -10.0 -1.0 -1.0 -5.0 2.0 6.0 -8.0 8.0 0.0 7.0 12.0 2.0 -20.0 -5.0 -10.0 -4.0 8.0 8.0 -8.0 14.0 -9.0 -9.0 -12.0 39.0 0.0 14.0 -36.0
22.0 -20.0 16.0 -13.0 44.0 -11.0 -36.0 -20.0 41.0 -89.0 17.0 -59.0 -21.0 70.0 194.0 -112.0 -160.0 -41.0 -98.0 233.0 -41.0 -934.0 -269.0 183.0 -2892.0 -43.0 11154.0 8164.0 106753.0 0.0 72333.0 16653.0 3648.0 -2259.0 906.0 367.0 -711.0 -932.0 379.0 -175.0 -87.0 -42.0 -217.0 -171.0 -82.0 77.0 -14.0 49.0 40.0 53.0 48.0 46.0 -45.0 47.0 32.0 41.0 12.0 20.0 15.0 1.0 -2.0 18.0 34.0 -11.0 9.0 -14.0 -22.0 -3.0 8.0 -2.0 14.0 6.0 -1.0 4.0 24.0 -31.0 -10.0 12.0 7.0 2.0 -22.0 -20.0 4.0 5.0 0.0 -5.0 22.0 1.0 -8.0 -9.0 10.0 -16.0 -8.0 8.0 -13.0 8.0 -17.0 -1.0 11.0 35.0
14.0 -5.0 12.0 0.0 -14.0 24.0 20.0 43.0 14.0 33.0 47.0 132.0 -74.0 7.0 -32.0 -61.0 25.0 -139.0 -75.0 -373.0 493.0 374.0 7.0 488.0 -92.0 -269.0 510.0 -2057.0 -22277.0 72333.0 0.0 -19726.0 7220.0 3051.0 461.0 495.0 -1536.0 -49.0 -7.0 -438.0 142.0 -233.0 26.0 -87.0 -4.0 -15.0 40.0 55.0 35.0 28.0 -21.0 -46.0 15.0 -35.0 -15.0 16.0 -100.0 14.0 35.0 -7.0 -22.0 -32.0 3.0 -23.0 -13.0 1.0 -11.0 37.0 7.0 -23.0 17.0 -7.0 23.0 20.0 0.0 16.0 27.0 -1.0 3.0 -2.0 6.0 -18.0 -16.0 -11.0 -5.0 11.0 10.0 2.0 4.0 5.0 -24.0 10.0 15.0 9.0 3.0 15.0 -6.0 5.0 10.0 1.0
-23.0 16.0 29.0 -7.0 -15.0 -24.0 6.0 35.0 1.0 45.0 64.0 -88.0 -32.0 -37.0 62.0 119.0 -135.0 89.0 169.0 -2.0 -237.0 -120.0 13.0 290.0 509.0 -84.0 1737.0 2.0 3329.0 16653.0 -19726.0 0.0 -95409.0 -10459.0 6060.0 -2892.0 534.0 667.0 153.0 -68.0 101.0 -1.0 5.0 -33.0 201.0 -66.0 63.0 87.0 77.0 62.0 -27.0 49.0 9.0 20.0 15.0 15.0 22.0 -41.0 7.0 -4.0 14.0 25.0 28.0 -8.0 29.0 23.0 16.0 -18.0 18.0 16.0 -5.0 15.0 -3.0 22.0 -5.0 -15.0 8.0 3.0 10.0 15.0 -18.0 2.0 15.0 -6.0 -5.0 6.0 -8.0 -4.0 -10.0 -7.0 8.0 12.0 -25.0 -14.0 0.0 11.0 23.0 -12.0 3.0 11.0
8.0 -9.0 -6.0 10.0 -18.0 -3.0 18.0 67.0 23.0 3.0 20.0 31.0 -53.0 -12.0 -73.0 113.0 1.0 242.0 -254.0 -47.0 2.0 203.0 471.0 185.0 -631.0 187.0 475.0 -1439.0 705.0 3648.0 7220.0 -95409.0 0.0 -10038.0 -9933.0 1793.0 443.0 -264.0 -222.0 1340.0 887.0 -220.0 -62.0 -188.0 65.0 -27.0 -171.0 -23.0 80.0 59.0 132.0 72.0 100.0 0.0 6.0 11.0 10.0 24.0 50.0 -6.0 34.0 -23.0 -12.0 2.0 32.0 -34.0 19.0 24.0 26.0 -21.0 -29.0 -7.0 -8.0 19.0 23.0 -15.0 1.0 -33.0 17.0 3.0 17.0 0.0 -4.0 -10.0 -1.0 -20.0 36.0 -19.0 11.0 -10.0 10.0 -15.0 -8.0 -15.0 20.0 12.0 14.0 -4.0 -6.0 -1.0
-7.0 27.0 7.0 -27.0 10.0 17.0 9.0 -6.0 -8.0 62.0 16.0 -29.0 -95.0 18.0 11.0 -102.0 -90.0 19.0 28.0 -49.0 75.0 -129.0 208.0 475.0 158.0 -964.0 -26.0 -896.0 503.0 -2259.0 3051.0 -10459.0 -10038.0 0.0 64688.0 1166.0 -4861.0 -1164.0 -687.0 -380.0 11.0 -621.0 -37.0 -224.0 -48.0 233.0 25.0 2.0 102.0 26.0 18.0 144.0 106.0 14.0 -36.0 25.0 69.0 -26.0 -12.0 11.0 -26.0 -29.0 12.0 7.0 -3.0 7.0 1.0 -20.0 25.0 5.0 -12.0 -23.0 30.0 10.0 5.0 32.0 -21.0 -7.0 2.0 5.0 4.0 8.0 -4.0 -3.0 6.0 6.0 -5.0 -8.0 0.0 -23.0 -25.0 -15.0 -15.0 -9.0 0.0 3.0 5.0 4.0 -14.0 23.0
-6.0 21.0 -12.0 11.0 24.0 18.0 -30.0 26.0 25.0 -13.0 16.0 69.0 17.0 -8.0 -36.0 -11.0 14.0 -45.0 -19.0 207.0 -150.0 -193.0 17.0 26.0 -24.0 192.0 50.0 92.0 -657.0 906.0 461.0 6060.0 -9933.0 64688.0 0.0 70914.0 -24.0 -1653.0 -1984.0 1084.0 -649.0 -390.0 692.0 -57.0 511.0 -39.0 -209.0 76.0 -159.0 26.0 43.0 0.0 -83.0 -47.0 26.0 -44.0 -20.0 -42.0 -13.0 6.0 12.0 29.0 1.0 46.0 -14.0 8.0 13.0 -3.0 -2.0 11.0 -24.0 1.0 19.0 -18.0 7.0 6.0 -3.0 3.0 5.0 8.0 -8.0 8.0 2.0 -13.0 -8.0 -1.0 21.0 7.0 1.0 -12.0 8.0 -11.0 10.0 -9.0 -10.0 4.0 -21.0 -15.0 8.0 -46.0
13.0 -13.0 -3.0 8.0 24.0 28.0 28.0 -16.0 9.0 11.0 5.0 14.0 19.0 45.0 -36.0 -75.0 25.0 -119.0 62.0 -3.0 0.0 -43.0 -2.0 -141.0 91.0 245.0 31.0 0.0 -332.0 367.0 495.0 -2892.0 1793.0 1166.0 70914.0 0.0 116139.0 10000.0 -6579.0 3790.0 417.0 1199.0 -79.0 396.0 -129.0 -246.0 94.0 -213.0 5.0 74.0 78.0 78.0 2.0 -9.0 61.0 -86.0 44.0 8.0 -14.0 -53.0 -27.0 -20.0 -8.0 -55.0 -24.0 11.0 36.0 2.0 1.0 -8.0 6.0 8.0 8.0 -8.0 -23.0 11.0 12.0 -8.0 -4.0 9.0 24.0 -14.0 -4.0 14.0 2.0 10.0 -27.0 17.0 8.0 4.0 8.0 25.0 -5.0 11.0 -2.0 8.0 0.0 -5.0 26.0 -11.0
24.0 -3.0 16.0 -30.0 -26.0 -1.0 -29.0 10.0 -10.0 15.0 -22.0 36.0 38.0 48.0 -48.0 15.0 58.0 -31.0 -5.0 56.0 -20.0 255.0 133.0 -121.0 -226.0 230.0 85.0 50.0 146.0 -711.0 -1536.0 534.0 443.0 -4861.0 -24.0 116139.0 0.0 -104604.0 1009.0 1862.0 -212.0 -2180.0 -1388.0 273.0 48.0 -709.0 -313.0 -67.0 -178.0 -157.0 30.0 19.0 17.0 -14.0 -55.0 11.0 20.0 23.0 -24.0 -5.0 0.0 17.0 -2.0 33.0 48.0 -33.0 21.0 -2.0 -21.0 -27.0 17.0 -7.0 -7.0 -6.0 30.0 -27.0 -20.0 19.0 -18.0 15.0 12.0 4.0 -5.0 8.0 -16.0 -15.0 3.0 -29.0 -3.0 4.0 -6.0 4.0 -12.0 -12.0 -11.0 4.0 14.0 -13.0 -3.0 11.0
-14.0 6.0 6.0 -28.0 -22.0 31.0 7.0 0.0 6.0 -20.0 -2.0 -31.0 20.0 -40.0 -12.0 42.0 -96.0 30.0 20.0 -78.0 81.0 -50.0 9.0 -136.0 65.0 -65.0 -45.0 170.0 -374.0 -932.0 -49.0 667.0 -264.0 -1164.0 -1653.0 10000.0 -104604.0 0.0 46216.0 2360.0 2849.0 1246.0 1698.0 1699.0 648.0 -354.0 178.0 -181.0 103.0 143.0 -92.0 -61.0 231.0 151.0 -4.0 16.0 -54.0 -109.0 24.0 23.0 39.0 -28.0 15.0 -9.0 -21.0 -16.0 -48.0 20.0 1.0 11.0 -7.0 12.0 -3.0 -9.0 -7.0 10.0 -10.0 -7.0 -8.0 1.0 -13.0 5.0 6.0 3.0 -21.0 -13.0 -1.0 15.0 5.0 1.0 1.0 -4.0 -14.0 24.0 1.0 -7.0 -7.0 22.0 -1.0 14.0
7.0 16.0 -8.0 12.0 -3.0 31.0 -26.0 -15.0 -4.0 -52.0 -21.0 -18.0 24.0 4.0 -36.0 -29.0 -25.0 89.0 -17.0 -2.0 20.0 78.0 161.0 118.0 206.0 105.0 -183.0 59.0 249.0 379.0 -7.0 153.0 -222.0 -687.0 -1984.0 -6579.0 1009.0 46216.0 0.0 4476.0 2525.0 -5777.0 2737.0 -298.0 70.0 -513.0 442.0 -309.0 -21.0 -562.0 -60.0 -155.0 -89.0 -24.0 10.0 -24.0 34.0 6.0 50.0 77.0 -31.0 -17.0 34.0 -51.0 26.0 30.0 34.0 -7.0 -16.0 7.0 -21.0 3.0 6.0 -9.0 -9.0 -12.0 24.0 17.0 -33.0 14.0 -3.0 5.0 -7.0 -9.0 32.0 2.0 -14.0 3.0 -3.0 6.0 4.0 1.0 -1.0 12.0 10.0 6.0 2.0 -21.0 -3.0 -15.0
-11.0 7.0 4.0 -15.0 -9.0 1.0 -41.0 9.0 13.0 27.0 31.0 12.0 -26.0 -23.0 -25.0 -26.0 -27.0 27.0 1.0 -10.0 9.0 -60.0 -53.0 96.0 -187.0 -151.0 101.0 185.0 265.0 -175.0 -438.0 -68.0 1340.0 -380.0 1084.0 3790.0 1862.0 2360.0 4476.0 0.0 12913.0 -2667.0 -5075.0 231.0 -1092.0 -654.0 -582.0 158.0 346.0 82.0 169.0 229.0 142.0 -23.0 39.0 88.0 98.0 -15.0 -6.0 108.0 -8.0 4.0 17.0 4.0 -35.0 16.0 26.0 -15.0 -17.0 27.0 -5.0 26.0 -9.0 15.0 -17.0 15.0 -10.0 7.0 14.0 13.0 -22.0 -26.0 8.0 -8.0 -11.0 14.0 -1.0 -7.0 -6.0 -17.0 -23.0 -16.0 -4.0 7.0 -2.0 -18.0 3.0 -6.0 8.0 7.0
-13.0 1.0 20.0 27.0 9.0 -7.0 -5.0 -20.0 2.0 -15.0 -5.0 -29.0 51.0 -30.0 3.0 14.0 9.0 50.0 34.0 -36.0 -23.0 -50.0 80.0 -104.0 81.0 20.0 44.0 32.0 258.0 -87.0 142.0 101.0 887.0 11.0 -649.0 417.0 -212.0 2849.0 2525.0 12913.0 0.0 -69032.0 -4161.0 1264.0 3646.0 -156.0 197.0 144.0 -564.0 320.0 387.0 12.0 -104.0 -6.0 29.0 -95.0 69.0 63.0 -15.0 -90.0 16.0 -48.0 16.0 -44.0 17.0 -89.0 15.0 -5.0 -8.0 -24.0 -15.0 12.0 -10.0 -10.0 -14.0 25.0 6.0 -5.0 24.0 18.0 31.0 11.0 -11.0 -4.0 3.0 12.0 -9.0 -16.0 12.0 15.0 30.0 -2.0 -3.0 -11.0 11.0 14.0 -1.0 -26.0 -12.0 -19.0
-21.0 6.0 17.0 10.0 34.0 -6.0 13.0 -12.0 -8.0 -21.0 25.0 -16.0 -21.0 -4.0 18.0 26.0 -28.0 47.0 -12.0 39.0 36.0 34.0 -51.0 -9.0 50.0 113.0 127.0 -196.0 177.0 -42.0 -233.0 -1.0 -220.0 -621.0 -390.0 1199.0 -2180.0 1246.0 -5777.0 -2667.0 -69032.0 0.0 -8209.0 -1933.0 -11043.0 -3547.0 180.0 -458.0 -460.0 38.0 -283.0 -261.0 105.0 -136.0 81.0 211.0 -18.0 38.0 -12.0 122.0 47.0 -66.0 -3.0 -23.0 16.0 -4.0 7.0 -1.0 -20.0 -44.0 35.0 -11.0 30.0 -18.0 11.0 0.0 4.0 5.0 -22.0 -12.0 -16.0 15.0 -7.0 1.0 1.0 4.0 20.0 -13.0 -1.0 -32.0 18.0 1.0 -16.0 -14.0 -15.0 -3.0 4.0 4.0 9.0 9.0
11.0 -4.0 4.0 16.0 5.0 -1.0 14.0 20.0 -9.0 15.0 -2.0 16.0 -8.0 -30.0 22.0 -37.0 19.0 16.0 11.0 16.0 17.0 -13.0 1.0 38.0 7.0 38.0 -72.0 37.0 -24.0 -217.0 26.0 5.0 -62.0 -37.0 692.0 -79.0 -1388.0 1698.0 2737.0 -5075.0 -4161.0 -8209.0 0.0 -151693.0 -9495.0 411.0 -1579.0 -1206.0 246.0 93.0 -82.0 -187.0 -88.0 216.0 9.0 -44.0 -33.0 64.0 -242.0 -13.0 28.0 58.0 58.0 -17.0 8.0 -19.0 -12.0 -46.0 14.0 -4.0 38.0 26.0 12.0 -18.0 22.0 6.0 10.0 -2.0 -15.0 2.0 14.0 10.0 -5.0 2.0 -5.0 -6.0 4.0 -20.0 16.0 3.0 -11.0 20.0 -14.0 -15.0 15.0 5.0 -9.0 2.0 10.0 15.0
-20.0 -13.0 7.0 -21.0 9.0 -10.0 -5.0 -20.0 10.0 7.0 -15.0 -2.0 -8.0 -5.0 -37.0 20.0 5.0 8.0 30.0 -43.0 36.0 28.0 40.0 11.0 -6.0 40.0 52.0 -32.0 -28.0 -171.0 -87.0 -33.0 -188.0 -224.0 -57.0 396.0 273.0 1699.0 -298.0 231.0 1264.0 -1933.0 -151693.0 0.0 -10476.0 15948.0 7553.0 -1134.0 -1529.0 -790.0 -772.0 -439.0 2.0 419.0 17.0 7.0 157.0 37.0 -72.0 75.0 8.0 -89.0 31.0 -30.0 46.0 16.0 -26.0 -10.0 21.0 4.0 -59.0 -6.0 -14.0 -20.0 23.0 -57.0 19.0 3.0 -9.0 9.0 13.0 -9.0 2.0 17.0 8.0 9.0 -9.0 2.0 18.0 3.0 -21.0 22.0 12.0 9.0 0.0 -26.0 11.0 18.0 7.0 -21.0
-31.0 -11.0 1.0 3.0 -10.0 -1.0 7.0 -4.0 -16.0 19.0 -5.0 -2.0 -61.0 41.0 -3.0 -47.0 3.0 10.0 12.0 -35.0 -1.0 -2.0 -31.0 5.0 12.0 7.0 104.0 29.0 -57.0 -82.0 -4.0 201.0 65.0 -48.0 511.0 -129.0 48.0 648.0 70.0 -1092.0 3646.0 -11043.0 -9495.0 -10476.0 0.0 177996.0 -2107.0 3611.0 3542.0 1435.0 -1127.0 -575.0 162.0 -462.0 145.0 -104.0 -109.0 -45.0 59.0 16.0 -74.0 -49.0 33.0 -13.0 -45.0 29.0 50.0 -38.0 -6.0 51.0 -11.0 -4.0 37.0 24.0 -21.0 -5.0 5.0 9.0 3.0 22.0 -25.0 11.0 9.0 2.0 -8.0 -10.0 12.0 15.0 -14.0 -9.0 3.0 15.0 -11.0 13.0 -1.0 3.0 28.0 -30.0 5.0 0.0
9.0 10.0 10.0 -3.0 -11.0 0.0 -3.0 -16.0 -26.0 9.0 -2.0 24.0 -6.0 -18.0 6.0 34.0 8.0 15.0 30.0 15.0 8.0 6.0 -15.0 8.0 -27.0 26.0 -15.0 83.0 -56.0 77.0 -15.0 -66.0 -27.0 233.0 -39.0 -246.0 -709.0 -354.0 -513.0 -654.0 -156.0 -3547.0 411.0 15948.0 177996.0 0.0 139893.0 10308.0 6738.0 544.0 -747.0 364.0 581.0 77.0 381.0 95.0 1.0 -213.0 -114.0 -154.0 -20.0 -27.0 65.0 29.0 -13.0 7.0 -42.0 41.0 -36.0 -2.0 -7.0 -14.0 -5.0 -21.0 4.0 7.0 25.0 23.0 11.0 -16.0 -6.0 -1.0 5.0 -19.0 -4.0 -14.0 6.0 22.0 -11.0 10.0 14.0 -24.0 -33.0 -18.0 0.0 -10.0 -14.0 6.0 12.0 6.0
-6.0 -3.0 16.0 -5.0 2.0 -23.0 11.0 -29.0 3.0 11.0 37.0 -3.0 -5.0 3.0 -10.0 40.0 -23.0 -26.0 -18.0 -10.0 43.0 16.0 -24.0 34.0 32.0 -64.0 -94.0 13.0 -131.0 -14.0 40.0 63.0 -171.0 25.0 -209.0 94.0 -313.0 178.0 442.0 -582.0 197.0 180.0 -1579.0 7553.0 -2107.0 139893.0 0.0 -26539.0 -4277.0 -1477.0 2150.0 1335.0 1194.0 -17.0 -543.0 273.0 -9.0 -345.0 107.0 102.0 107.0 -116.0 119.0 -52.0 -69.0 127.0 -43.0 -12.0 30.0 17.0 -17.0 22.0 -1.0 49.0 -35.0 9.0 -13.0 -1.0 -7.0 -4.0 -13.0 -1.0 -18.0 -15.0 9.0 9.0 5.0 25.0 13.0 19.0 9.0 10.0 -2.0 -5.0 -1.0 -4.0 -4.0 -20.0 -20.0 6.0
26.0 -9.0 -13.0 -22.0 11.0 -25.0 6.0 27.0 -10.0 -2.0 10.0 -21.0 20.0 3.0 -32.0 -1.0 18.0 -27.0 -26.0 27.0 -23.0 -3.0 -7.0 -38.0 -27.0 -2.0 -25.0 13.0 57.0 49.0 55.0 87.0 -23.0 2.0 76.0 -213.0 -67.0 -181.0 -309.0 158.0 144.0 -458.0 -1206.0 -1134.0 3611.0 10308.0 -26539.0 0.0 -81886.0 -2938.0 -3640.0 1310.0 -874.0 -497.0 -800.0 91.0 446.0 -179.0 46.0 -174.0 123.0 80.0 -6.0 109.0 11.0 -11.0 93.0 -12.0 2.0 -26.0 -5.0 -9.0 -3.0 16.0 25.0 -43.0 -8.0 -18.0 21.0 -4.0 -38.0 38.0 10.0 8.0 -9.0 0.0 -13.0 1.0 6.0 -4.0 -9.0 5.0 -7.0 -19.0 7.0 23.0 -1.0 -1.0 -9.0 -25.0
3.0 13.0 -1.0 -11.0 -3.0 5.0 -12.0 9.0 -1.0 -15.0 -9.0 8.0 -4.0 -16.0 16.0 -9.0 -13.0 12.0 -26.0 31.0 22.0 -8.0 33.0 -11.0 -21.0 45.0 39.0 -60.0 25.0 40.0 35.0 77.0 80.0 102.0 -159.0 5.0 -178.0 103.0 -21.0 346.0 -564.0 -460.0 246.0 -1529.0 3542.0 6738.0 -4277.0 -81886.0 0.0 108351.0 4940.0 -758.0 -544.0 1353.0 -116.0 222.0 -85.0 190.0 241.0 -31.0 -27.0 44.0 23.0 95.0 1.0 6.0 -25.0 20.0 22.0 16.0 -18.0 2.0 42.0 -39.0 6.0 -35.0 -14.0 -18.0 -13.0 0.0 28.0 -14.0 -17.0 14.0 13.0 39.0 -4.0 -14.0 11.0 -19.0 14.0 -5.0 -10.0 9.0 12.0 13.0 5.0 -3.0 10.0 -6.0
9.0 6.0 -24.0 13.0 2.0 -3.0 -15.0 -5.0 -2.0 -18.0 -13.0 2.0 12.0 3.0 -5.0 3.0 -34.0 -16.0 15.0 -4.0 -2.0 -33.0 65.0 -16.0 8.0 14.0 -53.0 -28.0 -4.0 53.0 28.0 62.0 59.0 26.0 26.0 74.0 -157.0 143.0 -562.0 82.0 320.0 38.0 93.0 -790.0 1435.0 544.0 -1477.0 -2938.0 108351.0 0.0 -4039.0 -29402.0 6853.0 5524.0 -695.0 920.0 352.0 329.0 -201.0 176.0 60.0 -22.0 -19.0 -204.0 -47.0 23.0 83.0 94.0 47.0 -31.0 66.0 3.0 -6.0 -68.0 4.0 -7.0 12.0 -29.0 -26.0 10.0 -4.0 17.0 35.0 15.0 14.0 6.0 -1.0 23.0 11.0 8.0 -6.0 19.0 -33.0 -6.0 20.0 20.0 -13.0 5.0 2.0 -16.0
-7.0 -23.0 0.0 19.0 -19.0 5.0 -6.0 5.0 6.0 -2.0 15.0 10.0 -3.0 0.0 1.0 3.0 16.0 -21.0 -13.0 20.0 -14.0 -15.0 19.0 -2.0 22.0 -19.0 -77.0 -10.0 57.0 48.0 -21.0 -27.0 132.0 18.0 43.0 78.0 30.0 -92.0 -60.0 169.0 387.0 -283.0 -82.0 -772.0 -1127.0 -747.0 2150.0 -3640.0 4940.0 -4039.0 0.0 62163.0 -16316.0 591.0 -2617.0 2318.0 -723.0 649.0 157.0 229.0 -183.0 -175.0 4.0 135.0 -140.0 76.0 -66.0 33.0 73.0 17.0 -83.0 6.0 -38.0 -17.0 16.0 -44.0 -13.0 -16.0 5.0 2.0 1.0 -11.0 -9.0 31.0 16.0 -1.0 10.0 25.0 7.0 9.0 -2.0 6.0 -3.0 -7.0 -9.0 13.0 -10.0 -16.0 -7.0 -4.0
1.0 11.0 -15.0 -16.0 16.0 -12.0 -15.0 -3.0 8.0 -4.0 -1.0 -5.0 -7.0 -2.0 18.0 -26.0 -9.0 -31.0 14.0 4.0 30.0 -1.0 -7.0 -36.0 51.0 9.0 -13.0 -5.0 -17.0 46.0 -46.0 49.0 72.0 144.0 0.0 78.0 19.0 -61.0 -155.0 229.0 12.0 -261.0 -187.0 -439.0 -575.0 364.0 1335.0 1310.0 -758.0 -29402.0 62163.0 0.0 -54362.0 6685.0 1274.0 -2863.0 -1986.0 -2288.0 -876.0 271.0 -144.0 -162.0 417.0 103.0 27.0 -118.0 103.0 8.0 -29.0 30.0 -12.0 -49.0 6.0 -43.0 2.0 17.0 28.0 -43.0 29.0 -28.0 -10.0 25.0 -37.0 17.0 -15.0 32.0 -3.0 -16.0 21.0 17.0 -8.0 5.0 7.0 17.0 0.0 -2.0 36.0 3.0 7.0 -9.0
14.0 4.0 -10.0 -11.0 -1.0 4.0 -23.0 3.0 0.0 14.0 -13.0 7.0 4.0 4.0 14.0 18.0 -9.0 15.0 20.0 3.0 1.0 -1.0 11.0 -12.0 38.0 2.0 -5.0 -4.0 -3.0 -45.0 15.0 9.0 100.0 106.0 -83.0 2.0 17.0 231.0 -89.0 142.0 -104.0 105.0 -88.0 2.0 162.0 581.0 1194.0 -874.0 -544.0 6853.0 -16316.0 -54362.0 0.0 13161.0 -1144.0 4459.0 1046.0 -847.0 725.0 -852.0 345.0 -212.0 236.0 -113.0 -68.0 47.0 -70.0 17.0 -57.0 -94.0 -4.0 -33.0 23.0 -54.0 -19.0 -22.0 -23.0 42.0 36.0 -48.0 -6.0 -3.0 2.0 -2.0 6.0 -13.0 -7.0 34.0 -35.0 6.0 6.0 14.0 0.0 -6.0 25.0 32.0 -7.0 -1.0 -13.0 4.0
-9.0 14.0 -7.0 -4.0 1.0 12.0 -8.0 -19.0 0.0 13.0 8.0 -12.0 26.0 -22.0 6.0 -11.0 6.0 7.0 8.0 -1.0 2.0 -8.0 -14.0 -17.0 -17.0 -30.0 15.0 -49.0 16.0 47.0 -35.0 20.0 0.0 14.0 -47.0 -9.0 -14.0 151.0 -24.0 -23.0 -6.0 -136.0 216.0 419.0 -462.0 77.0 -17.0 -497.0 1353.0 5524.0 591.0 6685.0 13161.0 0.0 2846.0 -21610.0 -4371.0 -1768.0 512.0 992.0 1081.0 235.0 -394.0 194.0 -176.0 32.0 48.0 -23.0 -16.0 102.0 26.0 33.0 -15.0 -14.0 -12.0 31.0 4.0 -28.0 -11.0 15.0 -18.0 1.0 5.0 -12.0 7.0 1.0 26.0 -11.0 0.0 3.0 18.0 7.0 12.0 -3.0 -22.0 6.0 26.0 -7.0 1.0 -12.0
2.0 20.0 6.0 1.0 17.0 -19.0 9.0 -7.0 14.0 -7.0 1.0 5.0 -7.0 -6.0 -10.0 -33.0 2.0 10.0 9.0 4.0 -22.0 -3.0 19.0 12.0 -15.0 22.0 15.0 -32.0 -13.0 32.0 -15.0 15.0 6.0 -36.0 26.0 61.0 -55.0 -4.0 10.0 39.0 29.0 81.0 9.0 17.0 145.0 381.0 -543.0 -800.0 -116.0 -695.0 -2617.0 1274.0 -1144.0 2846.0 0.0 322.0 -3474.0 1936.0 1095.0 -501.0 -187.0 476.0 -294.0 434.0 -186.0 -107.0 -20.0 -141.0 47.0 -27.0 59.0 -112.0 10.0 84.0 -65.0 40.0 -2.0 -17.0 -33.0 -15.0 -24.0 17.0 19.0 16.0 5.0 -9.0 31.0 0.0 5.0 -15.0 8.0 2.0 -18.0 -8.0 -8.0 -1.0 9.0 -3.0 5.0 27.0
-6.0 29.0 -7.0 16.0 -11.0 5.0 16.0 11.0 4.0 -15.0 -7.0 22.0 -12.0 7.0 7.0 8.0 11.0 -1.0 -3.0 1.0 -20.0 -14.0 -31.0 19.0 17.0 32.0 23.0 7.0 -17.0 41.0 16.0 15.0 11.0 25.0 -44.0 -86.0 11.0 16.0 -24.0 88.0 -95.0 211.0 -44.0 7.0 -104.0 95.0 273.0 91.0 222.0 920.0 2318.0 -2863.0 4459.0 -21610.0 322.0 0.0 -8945.0 -4422.0 -4920.0 -3578.0 259.0 108.0 43.0 302.0 -145.0 63.0 46.0 -111.0 135.0 83.0 -61.0 -5.0 -31.0 -25.0 -62.0 172.0 -61.0 36.0 76.0 -24.0 39.0 -7.0 -24.0 -6.0 -14.0 -1.0 -11.0 -15.0 -9.0 -9.0 -9.0 25.0 -10.0 13.0 -28.0 -20.0 -30.0 15.0 9.0 -4.0
1.0 -7.0 34.0 7.0 -6.0 2.0 9.0 -24.0 -4.0 -7.0 1.0 15.0 -32.0 10.0 -25.0 -18.0 2.0 -2.0 -2.0 -6.0 55.0 -4.0 26.0 -11.0 5.0 60.0 26.0 16.0 -22.0 12.0 -100.0 22.0 10.0 69.0 -20.0 44.0 20.0 -54.0 34.0 98.0 69.0 -18.0 -33.0 157.0 -109.0 1.0 -9.0 446.0 -85.0 352.0 -723.0 -1986.0 1046.0 -4371.0 -3474.0 -8945.0 0.0 76333.0 -14799.0 -6545.0 -851.0 -36.0 -595.0 -367.0 300.0 34.0 132.0 40.0 -129.0 262.0 -32.0 82.0 -62.0 77.0 118.0 81.0 -1.0 -54.0 15.0 -25.0 -9.0 -1.0 -1.0 -18.0 -28.0 18.0 27.0 2.0 9.0 -1.0 -5.0 25.0 7.0 -2.0 22.0 -2.0 12.0 7.0 15.0 7.0
-4.0 1.0 -16.0 3.0 31.0 -13.0 -9.0 -1.0 -10.0 -11.0 3.0 -7.0 25.0 15.0 -5.0 23.0 -12.0 -2.0 0.0 9.0 -1.0 6.0 -34.0 32.0 -12.0 1.0 -26.0 5.0 9.0 20.0 14.0 -41.0 24.0 -26.0 -42.0 8.0 23.0 -109.0 6.0 -15.0 63.0 38.0 64.0 37.0 -45.0 -213.0 -345.0 -179.0 190.0 329.0 649.0 -2288.0 -847.0 -1768.0 1936.0 -4422.0 76333.0 0.0 -192.0 9024.0 -1789.0 1483.0 -1217.0 533.0 402.0 180.0 612.0 559.0 -261.0 -115.0 190.0 166.0 2.0 -35.0 -92.0 92.0 36.0 39.0 -81.0 -14.0 -61.0 -20.0 0.0 23.0 20.0 -29.0 -18.0 9.0 -18.0 -5.0 -8.0 30.0 -10.0 22.0 -8.0 11.0 -2.0 -27.0 4.0 -16.0
-1.0 9.0 -18.0 -6.0 20.0 -8.0 -11.0 -20.0 15.0 11.0 -5.0 8.0 2.0 12.0 3.0 5.0 -8.0 -15.0 -17.0 -2.0 0.0 -42.0 -3.0 -28.0 -7.0 1.0 -17.0 14.0 4.0 15.0 35.0 7.0 50.0 -12.0 -13.0 -14.0 -24.0 24.0 50.0 -6.0 -15.0 -12.0 -242.0 -72.0 59.0 -114.0 107.0 46.0 241.0 -201.0 157.0 -876.0 725.0 512.0 1095.0 -4920.0 -14799.0 -192.0 0.0 -4122.0 -595.0 -10808.0 2148.0 2802.0 -171.0 -435.0 -473.0 620.0 -148.0 -21.0 182.0 -132.0 -121.0 -101.0 -58.0 -95.0 64.0 -13.0 47.0 -74.0 18.0 -26.0 27.0 1.0 1.0 -23.0 24.0 6.0 -34.0 25.0 32.0 14.0 1.0 -17.0 -14.0 -22.0 7.0 16.0 3.0 4.0
-15.0 9.0 2.0 8.0 11.0 -3.0 -13.0 -10.0 -15.0 32.0 -2.0 5.0 5.0 9.0 11.0 5.0 -9.0 -14.0 -21.0 1.0 -14.0 22.0 15.0 -4.0 7.0 -27.0 -25.0 -9.0 -25.0 1.0 -7.0 -4.0 -6.0 11.0 6.0 -53.0 -5.0 23.0 77.0 108.0 -90.0 122.0 -13.0 75.0 16.0 -154.0 102.0 -174.0 -31.0 176.0 229.0 271.0 -852.0 992.0 -501.0 -3578.0 -6545.0 9024.0 -4122.0 0.0 33537.0 -5716.0 5972.0 -2972.0 516.0 -810.0 173.0 -429.0 -483.0 86.0 -52.0 289.0 203.0 190.0 -29.0 11.0 36.0 -25.0 44.0 -7.0 80.0 -45.0 0.0 37.0 -20.0 -14.0 -6.0 -14.0 -5.0 -25.0 30.0 2.0 -25.0 -26.0 -10.0 -7.0 5.0 1.0 3.0 1.0
-6.0 -9.0 -10.0 4.0 -8.0 -18.0 -11.0 -18.0 13.0 14.0 22.0 7.0 -14.0 -10.0 -1.0 -12.0 -11.0 17.0 -5.0 -23.0 6.0 6.0 -7.0 3.0 -8.0 8.0 16.0 -4.0 10.0 -2.0 -22.0 14.0 34.0 -26.0 12.0 -27.0 0.0 39.0 -31.0 -8.0 16.0 47.0 28.0 8.0 -74.0 -20.0 107.0 123.0 -27.0 60.0 -183.0 -144.0 345.0 1081.0 -187.0 259.0 -851.0 -1789.0 -595.0 33537.0 0.0 -22509.0 16493.0 -7424.0 887.0 2258.0 -620.0 202.0 82.0 -395.0 -34.0 68.0 55.0 -78.0 -23.0 -172.0 -23.0 -203.0 -77.0 -8.0 -46.0 93.0 3.0 -38.0 -10.0 10.0 19.0 -2.0 15.0 -17.0 10.0 11.0 7.0 4.0 9.0 6.0 5.0 -17.0 -17.0 -7.0
4.0 16.0 11.0 15.0 -8.0 -21.0 -2.0 6.0 -4.0 -9.0 6.0 -18.0 6.0 -12.0 9.0 2.0 24.0 9.0 -27.0 12.0 8.0 -27.0 5.0 -22.0 -8.0 14.0 3.0 20.0 34.0 18.0 -32.0 25.0 -23.0 -29.0 29.0 -20.0 17.0 -28.0 -17.0 4.0 -48.0 -66.0 58.0 -89.0 -49.0 -27.0 -116.0 80.0 44.0 -22.0 -175.0 -162.0 -212.0 235.0 476.0 108.0 -36.0 1483.0 -10808.0 -5716.0 -22509.0 0.0 -38487.0 -7596.0 2762.0 6098.0 -372.0 504.0 -146.0 122.0 -220.0 37.0 195.0 -49.0 -175.0 135.0 -183.0 -88.0 41.0 69.0 -6.0 -32.0 -42.0 -39.0 -15.0 63.0 -9.0 37.0 20.0 4.0 -7.0 14.0 -14.0 -6.0 19.0 -29.0 -21.0 -9.0 6.0 3.0
17.0 4.0 0.0 1.0 2.0 -9.0 -1.0 3.0 -13.0 -7.0 1.0 5.0 11.0 -2.0 -1.0 6.0 6.0 -2.0 -15.0 0.0 -25.0 -5.0 -17.0 19.0 10.0 -10.0 -4.0 7.0 6.0 34.0 3.0 28.0 -12.0 12.0 1.0 -8.0 -2.0 15.0 34.0 17.0 16.0 -3.0 58.0 31.0 33.0 65.0 119.0 -6.0 23.0 -19.0 4.0 417.0 236.0 -394.0 -294.0 43.0 -595.0 -1217.0 2148.0 5972.0 16493.0 -38487.0 0.0 -16713.0 1552.0 1882.0 -2550.0 1347.0 -1696.0 -19.0 37.0 -67.0 -70.0 -62.0 57.0 53.0 242.0 -162.0 145.0 51.0 1.0 -48.0 8.0 -68.0 -1.0 34.0 -35.0 -8.0 -7.0 27.0 33.0 81.0 15.0 6.0 5.0 13.0 1.0 -20.0 -6.0 -6.0
33.0 -33.0 -23.0 -3.0 -9.0 -3.0 -6.0 -8.0 0.0 7.0 -6.0 -4.0 18.0 2.0 7.0 -16.0 -4.0 -4.0 -2.0 -2.0 2.0 -6.0 -5.0 6.0 22.0 -14.0 -9.0 -1.0 2.0 -11.0 -23.0 -8.0 2.0 7.0 46.0 -55.0 33.0 -9.0 -51.0 4.0 -44.0 -23.0 -17.0 -30.0 -13.0 29.0 -52.0 109.0 95.0 -204.0 135.0 103.0 -113.0 194.0 434.0 302.0 -367.0 533.0 2802.0 -2972.0 -7424.0 -7596.0 -16713.0 0.0 -93451.0 21387.0 -973.0 155.0 1370.0 806.0 -188.0 -252.0 -25.0 117.0 154.0 39.0 37.0 118.0 0.0 84.0 67.0 11.0 -23.0 62.0 34.0 21.0 62.0 -19.0 -11.0 51.0 30.0 25.0 32.0 -11.0 15.0 -29.0 -8.0 -9.0 7.0 17.0
-46.0 -8.0 35.0 9.0 -12.0 -11.0 -6.0 18.0 23.0 -6.0 15.0 9.0 20.0 -21.0 11.0 7.0 20.0 -5.0 14.0 -2.0 -21.0 7.0 -9.0 -22.0 18.0 -15.0 21.0 19.0 -12.0 9.0 -13.0 29.0 32.0 -3.0 -14.0 -24.0 48.0 -21.0 26.0 -35.0 17.0 16.0 8.0 46.0 -45.0 -13.0 -69.0 11.0 1.0 -47.0 -140.0 27.0 -68.0 -176.0 -186.0 -145.0 300.0 402.0 -171.0 516.0 887.0 2762.0 1552.0 -93451.0 0.0 -81539.0 -4369.0 4811.0 -1828.0 -1375.0 -165.0 -525.0 -235.0 -230.0 -101.0 -262.0 -187.0 50.0 -31.0 -3.0 27.0 67.0 -27.0 -23.0 39.0 3.0 3.0 40.0 -11.0 34.0 -21.0 4.0 -5.0 7.0 2.0 -39.0 0.0 -22.0 15.0 25.0
-17.0 19.0 13.0 10.0 -21.0 11.0 -16.0 -11.0 -14.0 -4.0 -10.0 16.0 -22.0 -14.0 -26.0 17.0 -3.0 3.0 9.0 -11.0 10.0 9.0 -7.0 19.0 13.0 -2.0 8.0 -9.0 2.0 -14.0 1.0 23.0 -34.0 7.0 8.0 11.0 -33.0 -16.0 30.0 16.0 -89.0 -4.0 -19.0 16.0 29.0 7.0 127.0 -11.0 6.0 23.0 76.0 -118.0 47.0 32.0 -107.0 63.0 34.0 180.0 -435.0 -810.0 2258.0 6098.0 1882.0 21387.0 -81539.0 0.0 -5762.0 -13196.0 -3476.0 -453.0 -509.0 516.0 -668.0 -66.0 -173.0 -227.0 -4.0 88.0 -48.0 -78.0 -13.0 25.0 -15.0 1.0 -55.0 35.0 8.0 14.0 -7.0 16.0 18.0 78.0 24.0 21.0 -4.0 21.0 1.0 7.0 -54.0 2.0
7.0 21.0 1.0 7.0 15.0 -3.0 -15.0 -5.0 1.0 -9.0 -7.0 -8.0 7.0 23.0 -3.0 -23.0 13.0 2.0 -6.0 -11.0 3.0 5.0 -3.0 9.0 -8.0 8.0 4.0 -9.0 2.0 -22.0 -11.0 16.0 19.0 1.0 13.0 36.0 21.0 -48.0 34.0 26.0 15.0 7.0 -12.0 -26.0 50.0 -42.0 -43.0 93.0 -25.0 83.0 -66.0 103.0 -70.0 48.0 -20.0 46.0 132.0 612.0 -473.0 173.0 -620.0 -372.0 -2550.0 -973.0 -4369.0 -5762.0 0.0 -30206.0 775.0 8638.0 -2286.0 1074.0 628.0 -470.0 -901.0 230.0 6.0 144.0 2.0 -29.0 -44.0 92.0 -148.0 -156.0 -10.0 24.0 -20.0 -95.0 36.0 -32.0 -13.0 -27.0 7.0 -24.0 49.0 6.0 2.0 -10.0 -4.0 -16.0
51.0 1.0 6.0 -6.0 -4.0 -10.0 -14.0 -5.0 8.0 -1.0 -10.0 -6.0 -9.0 -10.0 6.0 5.0 -8.0 -18.0 -15.0 9.0 -17.0 -9.0 1.0 6.0 26.0 -34.0 1.0 -9.0 5.0 -3.0 37.0 -18.0 24.0 -20.0 -3.0 2.0 -2.0 20.0 -7.0 -15.0 -5.0 -1.0 -46.0 -10.0 -38.0 41.0 -12.0 -12.0 20.0 94.0 33.0 8.0 17.0 -23.0 -141.0 -111.0 40.0 559.0 620.0 -429.0 202.0 504.0 1347.0 155.0 4811.0 -13196.0 -30206.0 0.0 -133735.0 -12914.0 4003.0 -1535.0 -1298.0 113.0 703.0 -642.0 204.0 192.0 150.0 242.0 -50.0 93.0 153.0 -97.0 120.0 50.0 -12.0 -55.0 -34.0 2.0 -72.0 -5.0 32.0 13.0 -29.0 2.0 33.0 -36.0 -6.0 4.0
-7.0 16.0 -12.0 -10.0 -11.0 5.0 -6.0 -7.0 4.0 6.0 -2.0 8.0 14.0 5.0 -3.0 -3.0 5.0 -4.0 3.0 18.0 0.0 17.0 1.0 -11.0 -26.0 -18.0 -3.0 8.0 -22.0 8.0 7.0 18.0 26.0 25.0 -2.0 1.0 -21.0 1.0 -16.0 -17.0 -8.0 -20.0 14.0 21.0 -6.0 -36.0 30.0 2.0 22.0 47.0 73.0 -29.0 -57.0 -16.0 47.0 135.0 -129.0 -261.0 -148.0 -483.0 82.0 -146.0 -1696.0 1370.0 -1828.0 -3476.0 775.0 -133735.0 0.0 -23502.0 -12987.0 -4704.0 1055.0 684.0 -381.0 -100.0 255.0 -70.0 -94.0 94.0 -184.0 46.0 67.0 84.0 53.0 -22.0 -54.0 -38.0 8.0 17.0 35.0 2.0 -2.0 13.0 -33.0 -34.0 3.0 14.0 2.0 5.0
-3.0 -49.0 4.0 -12.0 11.0 -3.0 -13.0 1.0 12.0 -11.0 -9.0 -18.0 -8.0 -1.0 7.0 -2.0 -11.0 8.0 3.0 -10.0 -3.0 22.0 1.0 6.0 0.0 1.0 20.0 -2.0 3.0 -2.0 -23.0 16.0 -21.0 5.0 11.0 -8.0 -27.0 11.0 7.0 27.0 -24.0 -44.0 -4.0 4.0 51.0 -2.0 17.0 -26.0 16.0 -31.0 17.0 30.0 -94.0 102.0 -27.0 83.0 262.0 -115.0 -21.0 86.0 -395.0 122.0 -19.0 806.0 -1375.0 -453.0 8638.0 -12914.0 -23502.0 0.0 45084.0 -9786.0 -7607.0 -2507.0 1012.0 -1131.0 56.0 167.0 79.0 244.0 295.0 28.0 7.0 20.0 119.0 72.0 102.0 54.0 3.0 35.0 34.0 100.0 -11.0 -13.0 -16.0 -27.0 51.0 10.0 24.0 11.0
2.0 -4.0 0.0 44.0 26.0 1.0 29.0 -22.0 14.0 -5.0 -7.0 33.0 22.0 -1.0 -3.0 17.0 3.0 -12.0 4.0 -11.0 36.0 -17.0 -11.0 -10.0 6.0 4.0 -4.0 -16.0 -30.0 14.0 17.0 -5.0 -29.0 -12.0 -24.0 6.0 17.0 -7.0 -21.0 -5.0 -15.0 35.0 38.0 -59.0 -11.0 -7.0 -17.0 -5.0 -18.0 66.0 -83.0 -12.0 -4.0 26.0 59.0 -61.0 -32.0 190.0 182.0 -52.0 -34.0 -220.0 37.0 -188.0 -165.0 -509.0 -2286.0 4003.0 -12987.0 45084.0 0.0 -40255.0 10789.0 -820.0 -433.0 -499.0 95.0 325.0 -111.0 -287.0 -65.0 0.0 -6.0 -118.0 -38.0 -79.0 22.0 -87.0 -1.0 33.0 -51.0 26.0 -65.0 26.0 27.0 11.0 -1.0 28.0 64.0 -17.0
14.0 2.0 15.0 1.0 -11.0 -21.0 7.0 35.0 11.0 -17.0 20.0 -3.0 18.0 -16.0 10.0 -5.0 -14.0 0.0 25.0 -5.0 13.0 3.0 -2.0 -15.0 -1.0 -13.0 12.0 -8.0 -15.0 6.0 -7.0 15.0 -7.0 -23.0 1.0 8.0 -7.0 12.0 3.0 26.0 12.0 -11.0 26.0 -6.0 -4.0 -14.0 22.0 -9.0 2.0 3.0 6.0 -49.0 -33.0 33.0 -112.0 -5.0 82.0 166.0 -132.0 289.0 68.0 37.0 -67.0 -252.0 -525.0 516.0 1074.0 -1535.0 -4704.0 -9786.0 -40255.0 0.0 -65125.0 6888.0 -5272.0 1516.0 -526.0 166.0 -362.0 -450.0 261.0 -247.0 -368.0 336.0 -126.0 -67.0 25.0 -101.0 -9.0 -20.0 -51.0 -34.0 59.0 6.0 -32.0 28.0 -7.0 41.0 -41.0 18.0
