0.0 -22470.0 4995.0 -391.0 -54.0 435.0 277.0 86.0 114.0 -37.0 -67.0 -32.0 40.0 25.0 17.0 -1.0 -6.0 -7.0 7.0 11.0 -14.0 3.0 4.0 -4.0 -4.0 -4.0 -8.0 -1.0 3.0 4.0 3.0 -5.0 2.0 -1.0 -1.0 2.0 4.0 -3.0 1.0 -2.0 -2.0 -4.0 2.0 -4.0 -6.0 2.0 -1.0 5.0 1.0 2.0 -1.0 0.0 3.0 -2.0 0.0 -1.0 0.0 -1.0 0.0 -3.0 -1.0 1.0 3.0 6.0 -9.0 -3.0 1.0 10.0 -1.0 -1.0 0.0 3.0 -3.0 1.0 -1.0 8.0 -1.0 -8.0 -15.0 10.0 1.0 12.0 -11.0 16.0 15.0 7.0 -4.0 -37.0 42.0 76.0 0.0 1.0 -75.0 -27.0 67.0 -1022.0 -148.0 -2283.0 10314.0 40198.0
-22470.0 0.0 -6504.0 -12678.0 439.0 503.0 -225.0 75.0 425.0 47.0 -99.0 -58.0 81.0 80.0 -13.0 13.0 -49.0 30.0 23.0 -34.0 -3.0 0.0 4.0 -3.0 9.0 -6.0 -7.0 0.0 -12.0 -4.0 -1.0 3.0 -2.0 5.0 4.0 -2.0 -1.0 1.0 3.0 1.0 0.0 1.0 -1.0 -2.0 -2.0 2.0 -1.0 -2.0 2.0 1.0 -4.0 2.0 1.0 2.0 4.0 5.0 -1.0 0.0 2.0 2.0 -2.0 3.0 1.0 -6.0 -2.0 4.0 4.0 0.0 3.0 -10.0 -1.0 0.0 -11.0 3.0 -7.0 -9.0 -4.0 6.0 8.0 -2.0 -4.0 7.0 -5.0 1.0 1.0 -26.0 13.0 -28.0 -15.0 30.0 -115.0 62.0 -68.0 -46.0 -51.0 -178.0 -220.0 -537.0 -2032.0 -8831.0
4995.0 -6504.0 0.0 23541.0 -12529.0 -4514.0 -311.0 -81.0 -472.0 -251.0 11.0 46.0 84.0 -30.0 69.0 3.0 27.0 -11.0 15.0 21.0 -4.0 -9.0 4.0 9.0 -3.0 5.0 -6.0 -2.0 0.0 3.0 2.0 6.0 -1.0 1.0 -2.0 0.0 3.0 1.0 -1.0 1.0 4.0 3.0 1.0 1.0 0.0 2.0 3.0 -2.0 0.0 -4.0 0.0 -3.0 -2.0 -1.0 1.0 -1.0 6.0 -3.0 -3.0 0.0 -2.0 2.0 0.0 -4.0 6.0 3.0 0.0 1.0 -2.0 1.0 0.0 3.0 -2.0 4.0 1.0 -1.0 4.0 7.0 9.0 -9.0 10.0 0.0 12.0 21.0 -18.0 12.0 -29.0 27.0 52.0 17.0 -41.0 -78.0 57.0 -78.0 55.0 373.0 -66.0 61.0 660.0 4156.0
-391.0 -12678.0 23541.0 0.0 -30107.0 47.0 -780.0 1950.0 23.0 -310.0 -271.0 318.0 53.0 -14.0 -44.0 -18.0 -25.0 -12.0 8.0 -40.0 11.0 0.0 11.0 1.0 -14.0 1.0 1.0 -3.0 -1.0 -3.0 0.0 -1.0 2.0 -5.0 2.0 2.0 -6.0 -5.0 2.0 -3.0 5.0 2.0 3.0 -4.0 1.0 -1.0 -1.0 -4.0 -2.0 2.0 3.0 -3.0 -2.0 -1.0 0.0 3.0 1.0 0.0 -1.0 1.0 1.0 3.0 0.0 -1.0 2.0 2.0 1.0 -1.0 -2.0 -2.0 9.0 0.0 -1.0 -5.0 2.0 6.0 -1.0 12.0 -8.0 2.0 3.0 -4.0 -10.0 -9.0 -16.0 -14.0 -11.0 -35.0 -10.0 8.0 27.0 -8.0 76.0 30.0 103.0 -76.0 -18.0 -915.0 -21.0 -1311.0
-54.0 439.0 -12529.0 -30107.0 0.0 -20481.0 -5139.0 3114.0 -263.0 1189.0 10.0 -195.0 50.0 3.0 -50.0 36.0 -78.0 -21.0 -3.0 8.0 27.0 3.0 18.0 12.0 -2.0 -2.0 -6.0 13.0 -16.0 9.0 -3.0 -3.0 -4.0 2.0 5.0 5.0 -5.0 -4.0 -1.0 -2.0 2.0 6.0 1.0 2.0 -2.0 -2.0 0.0 2.0 0.0 0.0 -3.0 3.0 0.0 0.0 3.0 -2.0 -1.0 6.0 4.0 2.0 -2.0 -1.0 0.0 -2.0 -2.0 -4.0 3.0 -1.0 -2.0 2.0 5.0 -2.0 -1.0 -1.0 -1.0 3.0 -3.0 -7.0 4.0 11.0 5.0 -9.0 -6.0 -9.0 11.0 -11.0 -10.0 1.0 -6.0 -26.0 -23.0 46.0 -13.0 46.0 -180.0 180.0 -126.0 -165.0 -232.0 46.0
435.0 503.0 -4514.0 47.0 -20481.0 0.0 -102210.0 27035.0 -42.0 665.0 509.0 -161.0 -393.0 -47.0 -177.0 -55.0 48.0 49.0 -34.0 45.0 17.0 -43.0 -11.0 -14.0 -23.0 -4.0 2.0 0.0 -3.0 -2.0 5.0 -5.0 -1.0 4.0 4.0 6.0 0.0 6.0 6.0 0.0 -1.0 -1.0 0.0 -2.0 0.0 0.0 -4.0 -5.0 1.0 -1.0 1.0 -2.0 1.0 2.0 -3.0 1.0 0.0 -2.0 -1.0 -1.0 -3.0 -4.0 -2.0 -1.0 -2.0 2.0 0.0 -2.0 1.0 -1.0 0.0 -4.0 -1.0 -1.0 -3.0 3.0 3.0 2.0 -4.0 -9.0 6.0 1.0 2.0 -17.0 0.0 0.0 2.0 10.0 9.0 36.0 -11.0 -24.0 -42.0 -18.0 70.0 -37.0 -146.0 123.0 48.0 -362.0
277.0 -225.0 -311.0 -780.0 -5139.0 -102210.0 0.0 -79631.0 6192.0 1449.0 -349.0 153.0 -299.0 155.0 -54.0 128.0 -132.0 50.0 65.0 44.0 14.0 37.0 16.0 -11.0 3.0 17.0 -3.0 -2.0 -1.0 -8.0 4.0 1.0 4.0 2.0 -6.0 6.0 -6.0 1.0 -5.0 -8.0 -1.0 2.0 3.0 -1.0 1.0 0.0 2.0 1.0 -2.0 -3.0 -1.0 -3.0 -4.0 -1.0 2.0 3.0 2.0 -2.0 -2.0 -2.0 -2.0 0.0 0.0 -1.0 -1.0 -3.0 -3.0 -3.0 -1.0 -2.0 5.0 1.0 -1.0 2.0 0.0 6.0 -3.0 -1.0 -2.0 -5.0 0.0 -5.0 -3.0 18.0 -2.0 0.0 -11.0 -1.0 6.0 -4.0 -5.0 -25.0 11.0 78.0 11.0 30.0 1.0 13.0 87.0 334.0
86.0 75.0 -81.0 1950.0 3114.0 27035.0 -79631.0 0.0 17161.0 10794.0 4890.0 1364.0 419.0 427.0 -5.0 40.0 2.0 -51.0 -11.0 75.0 30.0 -15.0 3.0 10.0 18.0 -4.0 -1.0 4.0 -11.0 -4.0 9.0 7.0 14.0 -1.0 5.0 -3.0 2.0 0.0 -3.0 2.0 -4.0 -2.0 4.0 -4.0 -1.0 -3.0 -5.0 5.0 2.0 -1.0 1.0 0.0 0.0 -3.0 -1.0 2.0 -4.0 0.0 -4.0 -2.0 -3.0 1.0 0.0 -1.0 3.0 -2.0 -1.0 -1.0 -1.0 0.0 -4.0 7.0 2.0 4.0 3.0 2.0 -2.0 -3.0 0.0 -3.0 1.0 1.0 -8.0 -13.0 8.0 -1.0 -1.0 11.0 15.0 11.0 -10.0 -22.0 10.0 -33.0 -25.0 -66.0 -28.0 -104.0 76.0 -29.0
114.0 425.0 -472.0 23.0 -263.0 -42.0 6192.0 17161.0 0.0 -12095.0 -723.0 100.0 -2055.0 638.0 459.0 -263.0 -117.0 -151.0 -9.0 24.0 9.0 26.0 8.0 17.0 -7.0 16.0 1.0 15.0 6.0 9.0 3.0 0.0 5.0 -2.0 5.0 2.0 -2.0 1.0 -1.0 3.0 0.0 -2.0 -2.0 2.0 -3.0 -5.0 1.0 -2.0 0.0 0.0 1.0 1.0 0.0 0.0 2.0 1.0 -1.0 -2.0 3.0 -3.0 2.0 -1.0 -2.0 0.0 4.0 -3.0 0.0 1.0 1.0 2.0 3.0 2.0 1.0 -1.0 1.0 6.0 4.0 -8.0 -2.0 3.0 4.0 2.0 1.0 5.0 5.0 8.0 -9.0 3.0 0.0 -19.0 -5.0 10.0 -2.0 -13.0 -16.0 47.0 -17.0 -7.0 -13.0 22.0
-37.0 47.0 -251.0 -310.0 1189.0 665.0 1449.0 10794.0 -12095.0 0.0 -40915.0 -1629.0 -3174.0 568.0 -314.0 -2.0 101.0 428.0 -29.0 -21.0 1.0 -4.0 -69.0 32.0 30.0 -13.0 -26.0 -1.0 -12.0 -21.0 8.0 10.0 1.0 13.0 -3.0 2.0 3.0 -4.0 -11.0 5.0 -3.0 -4.0 3.0 1.0 4.0 2.0 2.0 0.0 -3.0 -3.0 0.0 -1.0 3.0 2.0 -1.0 -3.0 -1.0 -2.0 2.0 6.0 3.0 -2.0 -1.0 1.0 -1.0 -1.0 -2.0 0.0 1.0 -2.0 -1.0 -3.0 7.0 1.0 4.0 -1.0 4.0 -5.0 2.0 -1.0 3.0 3.0 2.0 -2.0 -3.0 4.0 -6.0 11.0 6.0 0.0 -8.0 30.0 -2.0 -5.0 -6.0 19.0 43.0 9.0 -32.0 -103.0
-67.0 -99.0 11.0 -271.0 10.0 509.0 -349.0 4890.0 -723.0 -40915.0 0.0 -79623.0 16650.0 1301.0 1771.0 -930.0 540.0 -541.0 -71.0 26.0 79.0 -57.0 42.0 -12.0 -56.0 30.0 26.0 1.0 4.0 4.0 11.0 15.0 5.0 4.0 4.0 1.0 -5.0 0.0 -4.0 6.0 -1.0 5.0 0.0 -3.0 -1.0 0.0 7.0 2.0 -2.0 -2.0 3.0 0.0 -2.0 1.0 0.0 -1.0 0.0 1.0 -1.0 0.0 4.0 1.0 0.0 -1.0 3.0 -2.0 -1.0 -2.0 0.0 -2.0 -1.0 4.0 1.0 2.0 -6.0 -1.0 -2.0 1.0 4.0 8.0 -7.0 -1.0 0.0 6.0 1.0 -4.0 -9.0 7.0 -4.0 3.0 -2.0 -19.0 -9.0 7.0 -26.0 -33.0 29.0 -40.0 -32.0 -12.0
-32.0 -58.0 46.0 318.0 -195.0 -161.0 153.0 1364.0 100.0 -1629.0 -79623.0 0.0 -8390.0 1401.0 -432.0 -33.0 -914.0 376.0 -17.0 -147.0 129.0 -85.0 80.0 -27.0 -5.0 -4.0 -8.0 12.0 -3.0 -14.0 32.0 -21.0 7.0 -6.0 15.0 3.0 8.0 -7.0 -4.0 3.0 -6.0 -3.0 3.0 0.0 0.0 5.0 -1.0 -4.0 1.0 0.0 2.0 -1.0 1.0 -2.0 1.0 4.0 3.0 -1.0 1.0 1.0 1.0 -3.0 1.0 -1.0 2.0 3.0 -1.0 -1.0 1.0 -3.0 6.0 -1.0 -3.0 -2.0 -2.0 -2.0 -1.0 -1.0 -3.0 1.0 0.0 0.0 -1.0 -1.0 -7.0 -7.0 10.0 2.0 6.0 0.0 3.0 4.0 8.0 26.0 8.0 11.0 6.0 -15.0 34.0 -53.0
40.0 81.0 84.0 53.0 50.0 -393.0 -299.0 419.0 -2055.0 -3174.0 16650.0 -8390.0 0.0 -2153.0 6530.0 4005.0 -500.0 -566.0 -199.0 287.0 235.0 69.0 41.0 48.0 -75.0 11.0 -54.0 2.0 11.0 -5.0 -18.0 -8.0 -12.0 -22.0 4.0 4.0 8.0 4.0 5.0 -5.0 10.0 -4.0 -2.0 -2.0 -12.0 -1.0 -1.0 4.0 -1.0 2.0 -1.0 -1.0 1.0 5.0 -1.0 -2.0 -6.0 4.0 0.0 1.0 -2.0 1.0 2.0 3.0 4.0 -4.0 1.0 -2.0 3.0 -1.0 4.0 3.0 -3.0 0.0 -1.0 -3.0 1.0 1.0 2.0 5.0 -1.0 0.0 4.0 -4.0 -5.0 -6.0 4.0 -5.0 -7.0 -11.0 2.0 -2.0 -6.0 2.0 1.0 -28.0 1.0 17.0 13.0 -29.0
25.0 80.0 -30.0 -14.0 3.0 -47.0 155.0 427.0 638.0 568.0 1301.0 1401.0 -2153.0 0.0 -4055.0 839.0 2521.0 -931.0 289.0 969.0 -16.0 23.0 -56.0 -47.0 -38.0 -16.0 -46.0 -28.0 7.0 18.0 2.0 -9.0 -3.0 4.0 -2.0 10.0 11.0 -9.0 1.0 -5.0 -6.0 -1.0 -6.0 -1.0 8.0 -4.0 1.0 1.0 -3.0 1.0 0.0 0.0 1.0 -4.0 -1.0 1.0 2.0 3.0 2.0 2.0 -2.0 -2.0 0.0 0.0 -4.0 -3.0 4.0 -2.0 1.0 0.0 0.0 -3.0 2.0 -3.0 -1.0 4.0 1.0 1.0 0.0 -2.0 3.0 5.0 3.0 3.0 2.0 -9.0 6.0 4.0 -5.0 3.0 13.0 -12.0 1.0 -10.0 9.0 -2.0 10.0 -11.0 32.0 -3.0
17.0 -13.0 69.0 -44.0 -50.0 -177.0 -54.0 -5.0 459.0 -314.0 1771.0 -432.0 6530.0 -4055.0 0.0 50274.0 8737.0 -3720.0 -195.0 453.0 -77.0 -291.0 -83.0 44.0 8.0 -91.0 28.0 45.0 -31.0 51.0 -8.0 15.0 -18.0 3.0 -8.0 -8.0 -11.0 -3.0 -8.0 -5.0 1.0 4.0 5.0 -7.0 -1.0 1.0 -2.0 -6.0 3.0 -1.0 0.0 3.0 3.0 1.0 -2.0 1.0 -4.0 -1.0 1.0 2.0 0.0 2.0 0.0 1.0 2.0 -5.0 -1.0 1.0 -1.0 1.0 -1.0 2.0 7.0 -3.0 -2.0 2.0 -3.0 0.0 -3.0 -9.0 -3.0 4.0 -2.0 -5.0 -2.0 0.0 10.0 4.0 -13.0 10.0 3.0 -4.0 3.0 2.0 -17.0 -7.0 -15.0 -1.0 -23.0 -14.0
-1.0 13.0 3.0 -18.0 36.0 -55.0 128.0 40.0 -263.0 -2.0 -930.0 -33.0 4005.0 839.0 50274.0 0.0 -92785.0 5026.0 1375.0 1277.0 484.0 -1061.0 -1.0 -96.0 38.0 -96.0 62.0 14.0 -14.0 -31.0 -16.0 31.0 28.0 -25.0 -3.0 -17.0 3.0 9.0 -6.0 -6.0 3.0 5.0 -8.0 4.0 -10.0 7.0 8.0 0.0 -2.0 1.0 1.0 -5.0 3.0 -2.0 -6.0 2.0 -3.0 4.0 1.0 1.0 -2.0 0.0 1.0 -3.0 1.0 3.0 -4.0 1.0 0.0 0.0 3.0 -1.0 4.0 1.0 -2.0 -5.0 1.0 2.0 1.0 0.0 -5.0 3.0 -1.0 2.0 4.0 -1.0 7.0 -6.0 0.0 3.0 -7.0 -9.0 -4.0 -7.0 -3.0 -18.0 -2.0 2.0 12.0 4.0
-6.0 -49.0 27.0 -25.0 -78.0 48.0 -132.0 2.0 -117.0 101.0 540.0 -914.0 -500.0 2521.0 8737.0 -92785.0 0.0 -108996.0 353.0 2855.0 -805.0 -167.0 239.0 -83.0 97.0 -47.0 -29.0 -1.0 -17.0 -45.0 7.0 -36.0 0.0 -23.0 3.0 6.0 14.0 -22.0 -6.0 -6.0 2.0 -6.0 4.0 1.0 1.0 2.0 -5.0 4.0 -3.0 -6.0 3.0 -2.0 -2.0 1.0 0.0 2.0 0.0 -2.0 -2.0 -2.0 -2.0 4.0 1.0 -1.0 4.0 0.0 2.0 -1.0 1.0 -2.0 1.0 -3.0 0.0 2.0 1.0 -1.0 3.0 0.0 -4.0 3.0 1.0 -3.0 -8.0 5.0 -2.0 -2.0 5.0 1.0 2.0 0.0 0.0 -3.0 10.0 -5.0 -17.0 1.0 3.0 -10.0 -30.0 -6.0
-7.0 30.0 -11.0 -12.0 -21.0 49.0 50.0 -51.0 -151.0 428.0 -541.0 376.0 -566.0 -931.0 -3720.0 5026.0 -108996.0 0.0 3566.0 7331.0 -3130.0 -44.0 1143.0 -130.0 -285.0 5.0 -316.0 -40.0 52.0 -12.0 -40.0 24.0 64.0 5.0 -11.0 -29.0 -7.0 7.0 20.0 6.0 11.0 10.0 3.0 2.0 2.0 3.0 -5.0 -5.0 2.0 -3.0 -4.0 -6.0 3.0 1.0 2.0 0.0 0.0 0.0 -3.0 -3.0 3.0 2.0 0.0 -1.0 -1.0 0.0 0.0 -3.0 -1.0 1.0 -2.0 0.0 3.0 -1.0 -6.0 -4.0 -3.0 2.0 -1.0 2.0 3.0 -4.0 -3.0 -1.0 6.0 -1.0 -4.0 0.0 6.0 -8.0 2.0 8.0 3.0 8.0 -1.0 8.0 8.0 1.0 5.0 -13.0
7.0 23.0 15.0 8.0 -3.0 -34.0 65.0 -11.0 -9.0 -29.0 -71.0 -17.0 -199.0 289.0 -195.0 1375.0 353.0 3566.0 0.0 24306.0 -3390.0 -525.0 1832.0 1393.0 277.0 -332.0 72.0 127.0 31.0 -30.0 -22.0 48.0 -70.0 7.0 -5.0 16.0 -1.0 5.0 -4.0 0.0 8.0 -3.0 2.0 6.0 2.0 6.0 -4.0 -5.0 -5.0 3.0 -2.0 3.0 4.0 2.0 2.0 -1.0 0.0 0.0 -3.0 -4.0 -1.0 -5.0 -3.0 0.0 3.0 2.0 -1.0 -3.0 1.0 1.0 1.0 5.0 1.0 -2.0 1.0 1.0 3.0 2.0 2.0 5.0 -5.0 4.0 2.0 -5.0 3.0 1.0 2.0 2.0 -5.0 0.0 1.0 1.0 -3.0 11.0 -4.0 11.0 -4.0 4.0 7.0 9.0
11.0 -34.0 21.0 -40.0 8.0 45.0 44.0 75.0 24.0 -21.0 26.0 -147.0 287.0 969.0 453.0 1277.0 2855.0 7331.0 24306.0 0.0 -41014.0 -9123.0 1724.0 820.0 287.0 34.0 -2.0 -55.0 46.0 75.0 -115.0 -1.0 -13.0 -13.0 55.0 -1.0 14.0 -19.0 0.0 -2.0 -8.0 9.0 3.0 -9.0 -7.0 3.0 -2.0 6.0 6.0 -1.0 4.0 1.0 0.0 0.0 1.0 0.0 -1.0 2.0 0.0 0.0 -4.0 2.0 0.0 0.0 0.0 -2.0 -2.0 2.0 3.0 -2.0 -2.0 -1.0 5.0 -1.0 3.0 0.0 4.0 3.0 -1.0 3.0 -1.0 -2.0 -3.0 4.0 4.0 6.0 -2.0 3.0 -1.0 -1.0 -5.0 7.0 -13.0 1.0 6.0 7.0 -5.0 -4.0 -6.0 0.0
-14.0 -3.0 -4.0 11.0 27.0 17.0 14.0 30.0 9.0 1.0 79.0 129.0 235.0 -16.0 -77.0 484.0 -805.0 -3130.0 -3390.0 -41014.0 0.0 -51103.0 -4440.0 2417.0 933.0 1351.0 -442.0 -27.0 -151.0 -14.0 159.0 -73.0 1.0 21.0 -41.0 0.0 -5.0 20.0 5.0 2.0 -5.0 8.0 4.0 8.0 0.0 2.0 9.0 -5.0 4.0 0.0 -3.0 6.0 0.0 0.0 -4.0 -4.0 10.0 0.0 0.0 -3.0 1.0 1.0 -4.0 0.0 -4.0 2.0 1.0 -3.0 0.0 -1.0 6.0 2.0 0.0 -1.0 1.0 1.0 1.0 0.0 -1.0 2.0 -1.0 -3.0 -1.0 2.0 2.0 1.0 3.0 -1.0 -3.0 2.0 9.0 0.0 -1.0 4.0 0.0 -2.0 0.0 3.0 13.0 1.0
3.0 0.0 -9.0 0.0 3.0 -43.0 37.0 -15.0 26.0 -4.0 -57.0 -85.0 69.0 23.0 -291.0 -1061.0 -167.0 -44.0 -525.0 -9123.0 -51103.0 0.0 -4028.0 -2404.0 -2600.0 -818.0 -555.0 465.0 18.0 -335.0 127.0 -39.0 62.0 -38.0 -55.0 -12.0 68.0 -13.0 20.0 -15.0 -12.0 8.0 -3.0 6.0 0.0 1.0 3.0 -1.0 -2.0 -7.0 -3.0 0.0 0.0 -2.0 -1.0 -3.0 -1.0 1.0 -8.0 4.0 1.0 -5.0 -1.0 -1.0 1.0 2.0 1.0 -2.0 3.0 4.0 -3.0 1.0 0.0 -3.0 1.0 3.0 -3.0 4.0 -1.0 4.0 1.0 -3.0 2.0 2.0 0.0 -1.0 -2.0 -3.0 1.0 -4.0 -1.0 -1.0 1.0 4.0 7.0 1.0 -4.0 -5.0 -10.0 -4.0
4.0 4.0 4.0 11.0 18.0 -11.0 16.0 3.0 8.0 -69.0 42.0 80.0 41.0 -56.0 -83.0 -1.0 239.0 1143.0 1832.0 1724.0 -4440.0 -4028.0 0.0 -4431.0 -13082.0 -2702.0 -1709.0 786.0 421.0 -103.0 3.0 4.0 152.0 64.0 5.0 -1.0 36.0 2.0 41.0 -13.0 20.0 -12.0 0.0 9.0 -7.0 -3.0 -5.0 -1.0 7.0 13.0 4.0 -2.0 2.0 -3.0 4.0 -6.0 5.0 -6.0 -1.0 3.0 -1.0 1.0 -3.0 -1.0 -2.0 -1.0 -1.0 0.0 0.0 0.0 -2.0 0.0 -5.0 -2.0 0.0 -2.0 1.0 5.0 1.0 3.0 0.0 3.0 1.0 0.0 6.0 5.0 -6.0 -3.0 0.0 -8.0 0.0 0.0 13.0 -6.0 -1.0 0.0 -6.0 6.0 12.0 8.0
-4.0 -3.0 9.0 1.0 12.0 -14.0 -11.0 10.0 17.0 32.0 -12.0 -27.0 48.0 -47.0 44.0 -96.0 -83.0 -130.0 1393.0 820.0 2417.0 -2404.0 -4431.0 0.0 14478.0 2147.0 1883.0 380.0 335.0 76.0 187.0 104.0 63.0 153.0 8.0 -42.0 -34.0 -37.0 31.0 25.0 -26.0 -2.0 9.0 3.0 1.0 2.0 7.0 -8.0 -2.0 -3.0 0.0 -7.0 -2.0 -3.0 2.0 4.0 -2.0 6.0 -5.0 -1.0 1.0 -4.0 3.0 1.0 -4.0 3.0 2.0 1.0 -2.0 1.0 -2.0 -3.0 0.0 3.0 2.0 1.0 -1.0 1.0 2.0 -1.0 2.0 0.0 3.0 2.0 1.0 -3.0 0.0 -1.0 3.0 8.0 0.0 -1.0 0.0 -1.0 2.0 -1.0 -3.0 -11.0 3.0 -6.0
-4.0 9.0 -3.0 -14.0 -2.0 -23.0 3.0 18.0 -7.0 30.0 -56.0 -5.0 -75.0 -38.0 8.0 38.0 97.0 -285.0 277.0 287.0 933.0 -2600.0 -13082.0 14478.0 0.0 57597.0 -22650.0 2735.0 -18.0 -1308.0 -38.0 195.0 -226.0 54.0 -8.0 28.0 -67.0 19.0 57.0 -50.0 21.0 13.0 2.0 -1.0 3.0 -6.0 7.0 -6.0 -4.0 2.0 5.0 11.0 8.0 -3.0 -3.0 3.0 1.0 -2.0 -1.0 1.0 -1.0 -2.0 2.0 4.0 3.0 2.0 -2.0 5.0 -5.0 0.0 1.0 0.0 1.0 2.0 -1.0 2.0 0.0 -2.0 -1.0 -1.0 -1.0 -2.0 3.0 -3.0 -4.0 -3.0 -2.0 1.0 5.0 -3.0 0.0 1.0 0.0 -1.0 1.0 0.0 1.0 -7.0 5.0 -1.0
-4.0 -6.0 5.0 1.0 -2.0 -4.0 17.0 -4.0 16.0 -13.0 30.0 -4.0 11.0 -16.0 -91.0 -96.0 -47.0 5.0 -332.0 34.0 1351.0 -818.0 -2702.0 2147.0 57597.0 0.0 -73166.0 -8108.0 -1553.0 -22.0 -122.0 -35.0 72.0 -346.0 65.0 79.0 71.0 -19.0 30.0 -41.0 5.0 29.0 9.0 10.0 2.0 6.0 -15.0 0.0 10.0 3.0 -4.0 2.0 0.0 -6.0 4.0 6.0 12.0 0.0 0.0 -5.0 1.0 3.0 -2.0 -3.0 -3.0 0.0 1.0 -6.0 -3.0 0.0 1.0 -2.0 -2.0 2.0 3.0 0.0 -1.0 -3.0 -1.0 -1.0 2.0 -1.0 2.0 2.0 -1.0 6.0 -2.0 2.0 0.0 -3.0 1.0 -5.0 4.0 4.0 -2.0 1.0 0.0 3.0 -1.0 0.0
-8.0 -7.0 -6.0 1.0 -6.0 2.0 -3.0 -1.0 1.0 -26.0 26.0 -8.0 -54.0 -46.0 28.0 62.0 -29.0 -316.0 72.0 -2.0 -442.0 -555.0 -1709.0 1883.0 -22650.0 -73166.0 0.0 -10854.0 6296.0 6506.0 258.0 786.0 196.0 -10.0 18.0 10.0 27.0 -14.0 -54.0 29.0 12.0 34.0 -19.0 13.0 26.0 -4.0 -22.0 -6.0 9.0 -12.0 -17.0 -3.0 -1.0 3.0 3.0 5.0 5.0 -5.0 -3.0 -5.0 3.0 1.0 -1.0 -2.0 4.0 2.0 1.0 0.0 -1.0 4.0 -1.0 2.0 -5.0 1.0 -3.0 2.0 -5.0 3.0 1.0 1.0 4.0 0.0 2.0 1.0 3.0 -4.0 -4.0 -3.0 3.0 0.0 4.0 4.0 1.0 -6.0 -1.0 0.0 -2.0 -6.0 -5.0 2.0
-1.0 0.0 -2.0 -3.0 13.0 0.0 -2.0 4.0 15.0 -1.0 1.0 12.0 2.0 -28.0 45.0 14.0 -1.0 -40.0 127.0 -55.0 -27.0 465.0 786.0 380.0 2735.0 -8108.0 -10854.0 0.0 242057.0 5830.0 -1200.0 1.0 -651.0 -371.0 35.0 0.0 17.0 55.0 18.0 54.0 9.0 -54.0 10.0 -8.0 7.0 20.0 3.0 3.0 -14.0 -6.0 -2.0 -1.0 -1.0 -10.0 -7.0 1.0 3.0 1.0 3.0 -2.0 -1.0 4.0 1.0 0.0 4.0 -2.0 -2.0 -2.0 1.0 0.0 -3.0 -1.0 2.0 0.0 -5.0 4.0 0.0 -1.0 -2.0 1.0 -3.0 1.0 4.0 -2.0 -1.0 -3.0 -1.0 -8.0 0.0 1.0 1.0 -2.0 -4.0 3.0 1.0 4.0 4.0 -1.0 8.0 0.0
3.0 -12.0 0.0 -1.0 -16.0 -3.0 -1.0 -11.0 6.0 -12.0 4.0 -3.0 11.0 7.0 -31.0 -14.0 -17.0 52.0 31.0 46.0 -151.0 18.0 421.0 335.0 -18.0 -1553.0 6296.0 242057.0 0.0 107779.0 -15908.0 1942.0 356.0 228.0 -272.0 -127.0 52.0 -127.0 80.0 82.0 76.0 50.0 -7.0 -7.0 -15.0 -14.0 -32.0 14.0 6.0 -1.0 13.0 -4.0 -1.0 3.0 -3.0 -4.0 -4.0 2.0 1.0 -5.0 2.0 7.0 1.0 0.0 -2.0 0.0 0.0 1.0 -4.0 0.0 -5.0 -3.0 2.0 -2.0 0.0 0.0 -1.0 0.0 1.0 -1.0 1.0 0.0 1.0 2.0 0.0 -4.0 -1.0 -2.0 -1.0 1.0 1.0 -2.0 3.0 -2.0 -2.0 -2.0 8.0 0.0 3.0 -7.0
4.0 -4.0 3.0 -3.0 9.0 -2.0 -8.0 -4.0 9.0 -21.0 4.0 -14.0 -5.0 18.0 51.0 -31.0 -45.0 -12.0 -30.0 75.0 -14.0 -335.0 -103.0 76.0 -1308.0 -22.0 6506.0 5830.0 107779.0 0.0 73029.0 11892.0 2128.0 -1142.0 410.0 152.0 -272.0 -334.0 128.0 -56.0 -27.0 -12.0 -62.0 -47.0 -22.0 20.0 -4.0 12.0 9.0 12.0 11.0 10.0 -10.0 10.0 7.0 9.0 2.0 4.0 3.0 0.0 0.0 3.0 7.0 -2.0 2.0 -3.0 -4.0 0.0 2.0 0.0 3.0 1.0 0.0 1.0 4.0 -5.0 -2.0 2.0 1.0 0.0 -4.0 -4.0 1.0 1.0 0.0 -1.0 4.0 0.0 -1.0 -2.0 2.0 -3.0 -2.0 2.0 -2.0 2.0 -3.0 0.0 2.0 7.0
3.0 -1.0 2.0 0.0 -3.0 5.0 4.0 9.0 3.0 8.0 11.0 32.0 -18.0 2.0 -8.0 -16.0 7.0 -40.0 -22.0 -115.0 159.0 127.0 3.0 187.0 -38.0 -122.0 258.0 -1200.0 -15908.0 73029.0 0.0 -19916.0 5156.0 1780.0 233.0 224.0 -635.0 -19.0 -2.0 -148.0 46.0 -72.0 8.0 -25.0 -1.0 -4.0 10.0 14.0 9.0 7.0 -5.0 -10.0 3.0 -8.0 -3.0 4.0 -21.0 3.0 7.0 -1.0 -4.0 -6.0 1.0 -4.0 -2.0 0.0 -2.0 7.0 1.0 -4.0 3.0 -1.0 4.0 4.0 0.0 3.0 5.0 0.0 1.0 0.0 1.0 -3.0 -3.0 -2.0 -1.0 2.0 2.0 0.0 1.0 1.0 -4.0 2.0 3.0 2.0 1.0 3.0 -1.0 1.0 2.0 0.0
-5.0 3.0 6.0 -1.0 -3.0 -5.0 1.0 7.0 0.0 10.0 15.0 -21.0 -8.0 -9.0 15.0 31.0 -36.0 24.0 48.0 -1.0 -73.0 -39.0 4.0 104.0 195.0 -35.0 786.0 1.0 1942.0 11892.0 -19916.0 0.0 -96327.0 -7468.0 3535.0 -1462.0 241.0 276.0 58.0 -24.0 34.0 0.0 2.0 -10.0 57.0 -18.0 17.0 22.0 19.0 15.0 -7.0 12.0 2.0 4.0 3.0 3.0 5.0 -9.0 2.0 -1.0 3.0 5.0 6.0 -2.0 6.0 4.0 3.0 -3.0 3.0 3.0 -1.0 3.0 -1.0 4.0 -1.0 -3.0 1.0 0.0 2.0 3.0 -3.0 0.0 3.0 -1.0 -1.0 1.0 -1.0 -1.0 -2.0 -1.0 1.0 2.0 -5.0 -3.0 0.0 2.0 4.0 -2.0 1.0 2.0
2.0 -2.0 -1.0 2.0 -4.0 -1.0 4.0 14.0 5.0 1.0 5.0 7.0 -12.0 -3.0 -18.0 28.0 0.0 64.0 -70.0 -13.0 1.0 62.0 152.0 63.0 -226.0 72.0 196.0 -651.0 356.0 2128.0 5156.0 -96327.0 0.0 -10135.0 -7093.0 1046.0 224.0 -119.0 -92.0 513.0 318.0 -75.0 -20.0 -58.0 19.0 -8.0 -47.0 -6.0 21.0 15.0 32.0 17.0 23.0 0.0 1.0 3.0 2.0 5.0 11.0 -1.0 7.0 -5.0 -2.0 0.0 6.0 -7.0 4.0 5.0 5.0 -4.0 -5.0 -1.0 -1.0 3.0 4.0 -3.0 0.0 -6.0 3.0 1.0 3.0 0.0 -1.0 -2.0 0.0 -4.0 6.0 -3.0 2.0 -2.0 2.0 -3.0 -2.0 -3.0 4.0 2.0 3.0 -1.0 -1.0 0.0
-1.0 5.0 1.0 -5.0 2.0 4.0 2.0 -1.0 -2.0 13.0 4.0 -6.0 -22.0 4.0 3.0 -25.0 -23.0 5.0 7.0 -13.0 21.0 -38.0 64.0 153.0 54.0 -346.0 -10.0 -371.0 228.0 -1142.0 1780.0 -7468.0 -10135.0 0.0 65310.0 832.0 -2835.0 -588.0 -311.0 -157.0 4.0 -223.0 -12.0 -72.0 -15.0 69.0 7.0 1.0 27.0 7.0 5.0 35.0 25.0 3.0 -8.0 6.0 15.0 -6.0 -3.0 2.0 -5.0 -6.0 2.0 1.0 -1.0 1.0 0.0 -4.0 5.0 1.0 -2.0 -4.0 6.0 2.0 1.0 6.0 -4.0 -1.0 0.0 1.0 1.0 1.0 -1.0 0.0 1.0 1.0 -1.0 -1.0 0.0 -4.0 -5.0 -3.0 -3.0 -2.0 0.0 1.0 1.0 1.0 -3.0 4.0
-1.0 4.0 -2.0 2.0 5.0 4.0 -6.0 5.0 5.0 -3.0 4.0 15.0 4.0 -2.0 -8.0 -3.0 3.0 -11.0 -5.0 55.0 -41.0 -55.0 5.0 8.0 -8.0 65.0 18.0 35.0 -272.0 410.0 233.0 3535.0 -7093.0 65310.0 0.0 71596.0 -17.0 -964.0 -1003.0 490.0 -268.0 -149.0 248.0 -19.0 165.0 -12.0 -62.0 22.0 -44.0 7.0 11.0 0.0 -20.0 -11.0 6.0 -10.0 -4.0 -9.0 -3.0 1.0 3.0 6.0 0.0 9.0 -3.0 2.0 3.0 -1.0 0.0 2.0 -5.0 0.0 3.0 -3.0 1.0 1.0 -1.0 1.0 1.0 1.0 -1.0 2.0 0.0 -2.0 -2.0 0.0 4.0 1.0 0.0 -2.0 1.0 -2.0 2.0 -2.0 -2.0 1.0 -4.0 -3.0 2.0 -9.0
2.0 -2.0 0.0 2.0 5.0 6.0 6.0 -3.0 2.0 2.0 1.0 3.0 4.0 10.0 -8.0 -17.0 6.0 -29.0 16.0 -1.0 0.0 -12.0 -1.0 -42.0 28.0 79.0 10.0 0.0 -127.0 152.0 224.0 -1462.0 1046.0 832.0 71596.0 0.0 117256.0 7141.0 -3837.0 1916.0 189.0 496.0 -30.0 142.0 -44.0 -79.0 29.0 -63.0 1.0 20.0 21.0 20.0 0.0 -2.0 15.0 -20.0 10.0 2.0 -3.0 -12.0 -6.0 -4.0 -2.0 -11.0 -5.0 2.0 7.0 0.0 0.0 -2.0 1.0 1.0 1.0 -1.0 -4.0 2.0 2.0 -1.0 -1.0 2.0 4.0 -2.0 -1.0 2.0 0.0 2.0 -5.0 3.0 1.0 1.0 1.0 5.0 -1.0 2.0 0.0 2.0 0.0 -1.0 5.0 -2.0
4.0 -1.0 3.0 -6.0 -5.0 0.0 -6.0 2.0 -2.0 3.0 -5.0 8.0 8.0 11.0 -11.0 3.0 14.0 -7.0 -1.0 14.0 -5.0 68.0 36.0 -34.0 -67.0 71.0 27.0 17.0 52.0 -272.0 -635.0 241.0 224.0 -2835.0 -17.0 117256.0 0.0 -105610.0 721.0 1086.0 -107.0 -986.0 -574.0 105.0 17.0 -240.0 -101.0 -21.0 -52.0 -44.0 8.0 5.0 4.0 -3.0 -14.0 3.0 5.0 5.0 -5.0 -1.0 0.0 4.0 0.0 7.0 10.0 -7.0 4.0 0.0 -4.0 -5.0 3.0 -1.0 -1.0 -1.0 6.0 -5.0 -4.0 3.0 -3.0 3.0 2.0 1.0 -1.0 1.0 -3.0 -3.0 1.0 -5.0 -1.0 1.0 -1.0 1.0 -2.0 -2.0 -2.0 1.0 3.0 -2.0 0.0 2.0
-3.0 1.0 1.0 -5.0 -4.0 6.0 1.0 0.0 1.0 -4.0 0.0 -7.0 4.0 -9.0 -3.0 9.0 -22.0 7.0 5.0 -19.0 20.0 -13.0 2.0 -37.0 19.0 -19.0 -14.0 55.0 -127.0 -334.0 -19.0 276.0 -119.0 -588.0 -964.0 7141.0 -105610.0 0.0 46661.0 1685.0 1662.0 630.0 768.0 702.0 248.0 -127.0 60.0 -58.0 32.0 42.0 -26.0 -17.0 61.0 39.0 -1.0 4.0 -13.0 -25.0 6.0 5.0 9.0 -6.0 3.0 -2.0 -4.0 -3.0 -10.0 4.0 0.0 2.0 -1.0 2.0 0.0 -2.0 -1.0 2.0 -2.0 -1.0 -2.0 0.0 -2.0 1.0 1.0 1.0 -4.0 -2.0 0.0 3.0 1.0 0.0 0.0 -1.0 -3.0 4.0 0.0 -1.0 -1.0 4.0 0.0 3.0
1.0 3.0 -1.0 2.0 -1.0 6.0 -5.0 -3.0 -1.0 -11.0 -4.0 -4.0 5.0 1.0 -8.0 -6.0 -6.0 20.0 -4.0 0.0 5.0 20.0 41.0 31.0 57.0 30.0 -54.0 18.0 80.0 128.0 -2.0 58.0 -92.0 -311.0 -1003.0 -3837.0 721.0 46661.0 0.0 4519.0 1803.0 -3370.0 1383.0 -135.0 29.0 -197.0 158.0 -105.0 -7.0 -173.0 -18.0 -44.0 -24.0 -6.0 3.0 -6.0 8.0 2.0 12.0 18.0 -7.0 -4.0 7.0 -11.0 5.0 6.0 7.0 -1.0 -3.0 1.0 -4.0 1.0 1.0 -2.0 -2.0 -2.0 4.0 3.0 -6.0 3.0 -1.0 1.0 -1.0 -2.0 6.0 0.0 -2.0 1.0 -1.0 1.0 1.0 0.0 0.0 2.0 2.0 1.0 0.0 -4.0 -1.0 -3.0
-2.0 1.0 1.0 -3.0 -2.0 0.0 -8.0 2.0 3.0 5.0 6.0 3.0 -5.0 -5.0 -5.0 -6.0 -6.0 6.0 0.0 -2.0 2.0 -15.0 -13.0 25.0 -50.0 -41.0 29.0 54.0 82.0 -56.0 -148.0 -24.0 513.0 -157.0 490.0 1916.0 1086.0 1685.0 4519.0 0.0 13037.0 -1904.0 -2960.0 117.0 -494.0 -270.0 -223.0 57.0 117.0 26.0 52.0 67.0 40.0 -6.0 10.0 23.0 25.0 -4.0 -1.0 25.0 -2.0 1.0 4.0 1.0 -7.0 3.0 5.0 -3.0 -3.0 5.0 -1.0 5.0 -2.0 3.0 -3.0 3.0 -2.0 1.0 3.0 2.0 -4.0 -5.0 1.0 -1.0 -2.0 2.0 0.0 -1.0 -1.0 -3.0 -4.0 -3.0 -1.0 1.0 0.0 -3.0 1.0 -1.0 2.0 1.0
-2.0 0.0 4.0 5.0 2.0 -1.0 -1.0 -4.0 0.0 -3.0 -1.0 -6.0 10.0 -6.0 1.0 3.0 2.0 11.0 8.0 -8.0 -5.0 -12.0 20.0 -26.0 21.0 5.0 12.0 9.0 76.0 -27.0 46.0 34.0 318.0 4.0 -268.0 189.0 -107.0 1662.0 1803.0 13037.0 0.0 -69696.0 -2971.0 737.0 1843.0 -71.0 81.0 55.0 -203.0 108.0 124.0 4.0 -31.0 -2.0 8.0 -25.0 18.0 16.0 -4.0 -22.0 4.0 -11.0 4.0 -10.0 4.0 -19.0 3.0 -1.0 -2.0 -5.0 -3.0 2.0 -2.0 -2.0 -3.0 5.0 1.0 -1.0 4.0 3.0 6.0 2.0 -2.0 -1.0 1.0 2.0 -2.0 -3.0 2.0 3.0 5.0 0.0 -1.0 -2.0 2.0 2.0 0.0 -5.0 -2.0 -3.0
-4.0 1.0 3.0 2.0 6.0 -1.0 2.0 -2.0 -2.0 -4.0 5.0 -3.0 -4.0 -1.0 4.0 5.0 -6.0 10.0 -3.0 9.0 8.0 8.0 -12.0 -2.0 13.0 29.0 34.0 -54.0 50.0 -12.0 -72.0 0.0 -75.0 -223.0 -149.0 496.0 -986.0 630.0 -3370.0 -1904.0 -69696.0 0.0 -8288.0 -1381.0 -6441.0 -1793.0 82.0 -189.0 -176.0 14.0 -96.0 -84.0 32.0 -40.0 23.0 58.0 -5.0 10.0 -3.0 30.0 11.0 -15.0 -1.0 -5.0 4.0 -1.0 2.0 0.0 -4.0 -9.0 7.0 -2.0 6.0 -3.0 2.0 0.0 1.0 1.0 -4.0 -2.0 -3.0 3.0 -1.0 0.0 0.0 1.0 4.0 -2.0 0.0 -6.0 3.0 0.0 -3.0 -2.0 -3.0 0.0 1.0 1.0 2.0 2.0
2.0 -1.0 1.0 3.0 1.0 0.0 3.0 4.0 -2.0 3.0 0.0 3.0 -2.0 -6.0 5.0 -8.0 4.0 3.0 2.0 3.0 4.0 -3.0 0.0 9.0 2.0 9.0 -19.0 10.0 -7.0 -62.0 8.0 2.0 -20.0 -12.0 248.0 -30.0 -574.0 768.0 1383.0 -2960.0 -2971.0 -8288.0 0.0 -153151.0 -6780.0 240.0 -798.0 -546.0 102.0 36.0 -29.0 -63.0 -28.0 66.0 3.0 -12.0 -9.0 17.0 -62.0 -3.0 7.0 14.0 14.0 -4.0 2.0 -4.0 -3.0 -10.0 3.0 -1.0 8.0 5.0 2.0 -4.0 4.0 1.0 2.0 0.0 -3.0 0.0 3.0 2.0 -1.0 0.0 -1.0 -1.0 1.0 -4.0 3.0 1.0 -2.0 4.0 -3.0 -3.0 3.0 1.0 -2.0 0.0 2.0 3.0
-4.0 -2.0 1.0 -4.0 2.0 -2.0 -1.0 -4.0 2.0 1.0 -3.0 0.0 -2.0 -1.0 -7.0 4.0 1.0 2.0 6.0 -9.0 8.0 6.0 9.0 3.0 -1.0 10.0 13.0 -8.0 -7.0 -47.0 -25.0 -10.0 -58.0 -72.0 -19.0 142.0 105.0 702.0 -135.0 117.0 737.0 -1381.0 -153151.0 0.0 -10577.0 11388.0 4405.0 -573.0 -692.0 -326.0 -296.0 -158.0 1.0 135.0 5.0 2.0 45.0 10.0 -19.0 19.0 2.0 -22.0 7.0 -7.0 11.0 3.0 -6.0 -2.0 5.0 1.0 -12.0 -1.0 -3.0 -4.0 5.0 -11.0 4.0 1.0 -2.0 2.0 2.0 -2.0 0.0 3.0 1.0 2.0 -2.0 0.0 3.0 1.0 -4.0 4.0 2.0 2.0 0.0 -5.0 2.0 3.0 1.0 -4.0
-6.0 -2.0 0.0 1.0 -2.0 0.0 1.0 -1.0 -3.0 4.0 -1.0 0.0 -12.0 8.0 -1.0 -10.0 1.0 2.0 2.0 -7.0 0.0 0.0 -7.0 1.0 3.0 2.0 26.0 7.0 -15.0 -22.0 -1.0 57.0 19.0 -15.0 165.0 -44.0 17.0 248.0 29.0 -494.0 1843.0 -6441.0 -6780.0 -10577.0 0.0 179708.0 -1505.0 2106.0 1790.0 649.0 -466.0 -220.0 58.0 -156.0 47.0 -32.0 -32.0 -13.0 16.0 4.0 -19.0 -12.0 8.0 -3.0 -11.0 7.0 11.0 -8.0 -1.0 11.0 -2.0 -1.0 8.0 5.0 -4.0 -1.0 1.0 2.0 1.0 4.0 -5.0 2.0 2.0 0.0 -2.0 -2.0 2.0 3.0 -3.0 -2.0 1.0 3.0 -2.0 2.0 0.0 1.0 5.0 -5.0 1.0 0.0
2.0 2.0 2.0 -1.0 -2.0 0.0 0.0 -3.0 -5.0 2.0 0.0 5.0 -1.0 -4.0 1.0 7.0 2.0 3.0 6.0 3.0 2.0 1.0 -3.0 2.0 -6.0 6.0 -4.0 20.0 -14.0 20.0 -4.0 -18.0 -8.0 69.0 -12.0 -79.0 -240.0 -127.0 -197.0 -270.0 -71.0 -1793.0 240.0 11388.0 179708.0 0.0 141238.0 7360.0 3930.0 275.0 -338.0 150.0 223.0 28.0 129.0 31.0 0.0 -63.0 -32.0 -42.0 -5.0 -7.0 16.0 7.0 -3.0 2.0 -10.0 9.0 -8.0 0.0 -2.0 -3.0 -1.0 -4.0 1.0 1.0 5.0 5.0 2.0 -3.0 -1.0 0.0 1.0 -3.0 -1.0 -3.0 1.0 4.0 -2.0 2.0 2.0 -4.0 -6.0 -3.0 0.0 -2.0 -3.0 1.0 2.0 1.0
-1.0 -1.0 3.0 -1.0 0.0 -4.0 2.0 -5.0 1.0 2.0 7.0 -1.0 -1.0 1.0 -2.0 8.0 -5.0 -5.0 -4.0 -2.0 9.0 3.0 -5.0 7.0 7.0 -15.0 -22.0 3.0 -32.0 -4.0 10.0 17.0 -47.0 7.0 -62.0 29.0 -101.0 60.0 158.0 -223.0 81.0 82.0 -798.0 4405.0 -1505.0 141238.0 0.0 -26794.0 -3054.0 -862.0 1087.0 604.0 493.0 -6.0 -195.0 93.0 -3.0 -106.0 31.0 29.0 29.0 -31.0 31.0 -13.0 -17.0 30.0 -10.0 -3.0 7.0 4.0 -4.0 5.0 0.0 10.0 -7.0 2.0 -3.0 0.0 -1.0 -1.0 -2.0 0.0 -3.0 -3.0 2.0 2.0 1.0 5.0 2.0 3.0 2.0 2.0 0.0 -1.0 0.0 -1.0 -1.0 -4.0 -4.0 1.0
5.0 -2.0 -2.0 -4.0 2.0 -5.0 1.0 5.0 -2.0 0.0 2.0 -4.0 4.0 1.0 -6.0 0.0 4.0 -5.0 -5.0 6.0 -5.0 -1.0 -1.0 -8.0 -6.0 0.0 -6.0 3.0 14.0 12.0 14.0 22.0 -6.0 1.0 22.0 -63.0 -21.0 -58.0 -105.0 57.0 55.0 -189.0 -546.0 -573.0 2106.0 7360.0 -26794.0 0.0 -82673.0 -2098.0 -2123.0 662.0 -395.0 -205.0 -306.0 33.0 151.0 -57.0 14.0 -51.0 35.0 22.0 -2.0 28.0 3.0 -3.0 22.0 -3.0 0.0 -6.0 -1.0 -2.0 -1.0 3.0 5.0 -9.0 -2.0 -3.0 4.0 -1.0 -7.0 7.0 2.0 2.0 -2.0 0.0 -2.0 0.0 1.0 -1.0 -2.0 1.0 -1.0 -3.0 1.0 4.0 0.0 0.0 -2.0 -5.0
1.0 2.0 0.0 -2.0 0.0 1.0 -2.0 2.0 0.0 -3.0 -2.0 1.0 -1.0 -3.0 3.0 -2.0 -3.0 2.0 -5.0 6.0 4.0 -2.0 7.0 -2.0 -4.0 10.0 9.0 -14.0 6.0 9.0 9.0 19.0 21.0 27.0 -44.0 1.0 -52.0 32.0 -7.0 117.0 -203.0 -176.0 102.0 -692.0 1790.0 3930.0 -3054.0 -82673.0 0.0 109392.0 3527.0 -442.0 -275.0 612.0 -48.0 85.0 -31.0 64.0 78.0 -9.0 -8.0 12.0 6.0 25.0 0.0 2.0 -6.0 5.0 5.0 4.0 -4.0 0.0 9.0 -8.0 1.0 -7.0 -3.0 -4.0 -3.0 0.0 5.0 -3.0 -3.0 3.0 2.0 7.0 -1.0 -3.0 2.0 -3.0 3.0 -1.0 -2.0 2.0 2.0 2.0 1.0 -1.0 2.0 -1.0
2.0 1.0 -4.0 2.0 0.0 -1.0 -3.0 -1.0 0.0 -3.0 -2.0 0.0 2.0 1.0 -1.0 1.0 -6.0 -3.0 3.0 -1.0 0.0 -7.0 13.0 -3.0 2.0 3.0 -12.0 -6.0 -1.0 12.0 7.0 15.0 15.0 7.0 7.0 20.0 -44.0 42.0 -173.0 26.0 108.0 14.0 36.0 -326.0 649.0 275.0 -862.0 -2098.0 109392.0 0.0 -4077.0 -20996.0 3997.0 2792.0 -315.0 380.0 135.0 118.0 -68.0 57.0 19.0 -6.0 -5.0 -56.0 -12.0 6.0 21.0 23.0 11.0 -7.0 15.0 1.0 -1.0 -15.0 1.0 -1.0 3.0 -6.0 -5.0 2.0 -1.0 3.0 7.0 3.0 3.0 1.0 0.0 4.0 2.0 1.0 -1.0 3.0 -6.0 -1.0 4.0 4.0 -2.0 1.0 0.0 -3.0
-1.0 -4.0 0.0 3.0 -3.0 1.0 -1.0 1.0 1.0 0.0 3.0 2.0 -1.0 0.0 0.0 1.0 3.0 -4.0 -2.0 4.0 -3.0 -3.0 4.0 0.0 5.0 -4.0 -17.0 -2.0 13.0 11.0 -5.0 -7.0 32.0 5.0 11.0 21.0 8.0 -26.0 -18.0 52.0 124.0 -96.0 -29.0 -296.0 -466.0 -338.0 1087.0 -2123.0 3527.0 -4077.0 0.0 62761.0 -11651.0 345.0 -1323.0 1049.0 -299.0 249.0 57.0 77.0 -59.0 -54.0 1.0 38.0 -39.0 20.0 -17.0 8.0 18.0 4.0 -19.0 1.0 -9.0 -4.0 3.0 -9.0 -3.0 -3.0 1.0 0.0 0.0 -2.0 -2.0 6.0 3.0 0.0 2.0 5.0 1.0 2.0 0.0 1.0 -1.0 -1.0 -2.0 2.0 -2.0 -3.0 -1.0 -1.0
0.0 2.0 -3.0 -3.0 3.0 -2.0 -3.0 0.0 1.0 -1.0 0.0 -1.0 -1.0 0.0 3.0 -5.0 -2.0 -6.0 3.0 1.0 6.0 0.0 -2.0 -7.0 11.0 2.0 -3.0 -1.0 -4.0 10.0 -10.0 12.0 17.0 35.0 0.0 20.0 5.0 -17.0 -44.0 67.0 4.0 -84.0 -63.0 -158.0 -220.0 150.0 604.0 662.0 -442.0 -20996.0 62761.0 0.0 -54885.0 4773.0 743.0 -1447.0 -899.0 -946.0 -336.0 97.0 -49.0 -52.0 128.0 30.0 8.0 -32.0 27.0 2.0 -7.0 7.0 -3.0 -11.0 1.0 -10.0 0.0 4.0 6.0 -9.0 6.0 -6.0 -2.0 5.0 -7.0 3.0 -3.0 6.0 -1.0 -3.0 4.0 3.0 -1.0 1.0 1.0 3.0 0.0 0.0 6.0 0.0 1.0 -2.0
3.0 1.0 -2.0 -2.0 0.0 1.0 -4.0 0.0 0.0 3.0 -2.0 1.0 1.0 1.0 3.0 3.0 -2.0 3.0 4.0 0.0 0.0 0.0 2.0 -2.0 8.0 0.0 -1.0 -1.0 -1.0 -10.0 3.0 2.0 23.0 25.0 -20.0 0.0 4.0 61.0 -24.0 40.0 -31.0 32.0 -28.0 1.0 58.0 223.0 493.0 -395.0 -275.0 3997.0 -11651.0 -54885.0 0.0 13288.0 -817.0 2601.0 529.0 -383.0 300.0 -327.0 124.0 -72.0 76.0 -35.0 -20.0 13.0 -19.0 4.0 -15.0 -24.0 -1.0 -8.0 5.0 -12.0 -4.0 -5.0 -5.0 9.0 8.0 -10.0 -1.0 -1.0 0.0 0.0 1.0 -2.0 -1.0 6.0 -7.0 1.0 1.0 3.0 0.0 -1.0 5.0 6.0 -1.0 0.0 -2.0 1.0
-2.0 2.0 -1.0 -1.0 0.0 2.0 -1.0 -3.0 0.0 2.0 1.0 -2.0 5.0 -4.0 1.0 -2.0 1.0 1.0 2.0 0.0 0.0 -2.0 -3.0 -3.0 -3.0 -6.0 3.0 -10.0 3.0 10.0 -8.0 4.0 0.0 3.0 -11.0 -2.0 -3.0 39.0 -6.0 -6.0 -2.0 -40.0 66.0 135.0 -156.0 28.0 -6.0 -205.0 612.0 2792.0 345.0 4773.0 13288.0 0.0 2873.0 -15431.0 -2550.0 -894.0 231.0 410.0 414.0 84.0 -133.0 63.0 -54.0 9.0 14.0 -6.0 -4.0 26.0 7.0 8.0 -4.0 -3.0 -3.0 7.0 1.0 -6.0 -2.0 3.0 -4.0 0.0 1.0 -2.0 1.0 0.0 5.0 -2.0 0.0 1.0 3.0 1.0 2.0 0.0 -4.0 1.0 5.0 -1.0 0.0 -2.0
0.0 4.0 1.0 0.0 3.0 -3.0 2.0 -1.0 2.0 -1.0 0.0 1.0 -1.0 -1.0 -2.0 -6.0 0.0 2.0 2.0 1.0 -4.0 -1.0 4.0 2.0 -3.0 4.0 3.0 -7.0 -3.0 7.0 -3.0 3.0 1.0 -8.0 6.0 15.0 -14.0 -1.0 3.0 10.0 8.0 23.0 3.0 5.0 47.0 129.0 -195.0 -306.0 -48.0 -315.0 -1323.0 743.0 -817.0 2873.0 0.0 325.0 -2481.0 1129.0 553.0 -227.0 -77.0 182.0 -105.0 147.0 -60.0 -33.0 -6.0 -40.0 13.0 -7.0 15.0 -28.0 2.0 20.0 -15.0 9.0 -1.0 -4.0 -7.0 -3.0 -5.0 4.0 4.0 3.0 1.0 -2.0 6.0 0.0 1.0 -3.0 1.0 0.0 -3.0 -1.0 -2.0 0.0 2.0 -1.0 1.0 5.0
-1.0 5.0 -1.0 3.0 -2.0 1.0 3.0 2.0 1.0 -3.0 -1.0 4.0 -2.0 1.0 1.0 2.0 2.0 0.0 -1.0 0.0 -4.0 -3.0 -6.0 4.0 3.0 6.0 5.0 1.0 -4.0 9.0 4.0 3.0 3.0 6.0 -10.0 -20.0 3.0 4.0 -6.0 23.0 -25.0 58.0 -12.0 2.0 -32.0 31.0 93.0 33.0 85.0 380.0 1049.0 -1447.0 2601.0 -15431.0 325.0 0.0 -9031.0 -3158.0 -2870.0 -1808.0 117.0 44.0 17.0 108.0 -49.0 20.0 14.0 -33.0 38.0 23.0 -16.0 -1.0 -8.0 -6.0 -15.0 40.0 -14.0 8.0 17.0 -5.0 8.0 -1.0 -5.0 -1.0 -3.0 0.0 -2.0 -3.0 -2.0 -2.0 -2.0 5.0 -2.0 3.0 -5.0 -4.0 -5.0 3.0 2.0 -1.0
0.0 -1.0 6.0 1.0 -1.0 0.0 2.0 -4.0 -1.0 -1.0 0.0 3.0 -6.0 2.0 -4.0 -3.0 0.0 0.0 0.0 -1.0 10.0 -1.0 5.0 -2.0 1.0 12.0 5.0 3.0 -4.0 2.0 -21.0 5.0 2.0 15.0 -4.0 10.0 5.0 -13.0 8.0 25.0 18.0 -5.0 -9.0 45.0 -32.0 0.0 -3.0 151.0 -31.0 135.0 -299.0 -899.0 529.0 -2550.0 -2481.0 -9031.0 0.0 77067.0 -10568.0 -3818.0 -430.0 -16.0 -246.0 -141.0 108.0 11.0 42.0 12.0 -38.0 74.0 -9.0 22.0 -16.0 19.0 29.0 19.0 0.0 -12.0 3.0 -6.0 -2.0 0.0 0.0 -4.0 -6.0 4.0 5.0 0.0 2.0 0.0 -1.0 5.0 1.0 0.0 4.0 0.0 2.0 1.0 3.0 1.0
-1.0 0.0 -3.0 0.0 6.0 -2.0 -2.0 0.0 -2.0 -2.0 1.0 -1.0 4.0 3.0 -1.0 4.0 -2.0 0.0 0.0 2.0 0.0 1.0 -6.0 6.0 -2.0 0.0 -5.0 1.0 2.0 4.0 3.0 -9.0 5.0 -6.0 -9.0 2.0 5.0 -25.0 2.0 -4.0 16.0 10.0 17.0 10.0 -13.0 -63.0 -106.0 -57.0 64.0 118.0 249.0 -946.0 -383.0 -894.0 1129.0 -3158.0 77067.0 0.0 -194.0 6444.0 -1043.0 750.0 -550.0 220.0 154.0 65.0 207.0 180.0 -80.0 -34.0 54.0 46.0 1.0 -9.0 -23.0 22.0 9.0 9.0 -19.0 -3.0 -13.0 -4.0 0.0 5.0 4.0 -6.0 -4.0 2.0 -3.0 -1.0 -2.0 6.0 -2.0 4.0 -1.0 2.0 0.0 -5.0 1.0 -3.0
0.0 2.0 -3.0 -1.0 4.0 -1.0 -2.0 -4.0 3.0 2.0 -1.0 1.0 0.0 2.0 1.0 1.0 -2.0 -3.0 -3.0 0.0 0.0 -8.0 -1.0 -5.0 -1.0 0.0 -3.0 3.0 1.0 3.0 7.0 2.0 11.0 -3.0 -3.0 -3.0 -5.0 6.0 12.0 -1.0 -4.0 -3.0 -62.0 -19.0 16.0 -32.0 31.0 14.0 78.0 -68.0 57.0 -336.0 300.0 231.0 553.0 -2870.0 -10568.0 -194.0 0.0 -4162.0 -425.0 -6304.0 1086.0 1268.0 -71.0 -167.0 -170.0 210.0 -48.0 -6.0 54.0 -38.0 -33.0 -27.0 -15.0 -24.0 16.0 -3.0 11.0 -17.0 4.0 -6.0 6.0 0.0 0.0 -5.0 5.0 1.0 -7.0 5.0 6.0 3.0 0.0 -3.0 -3.0 -4.0 1.0 3.0 1.0 1.0
-3.0 2.0 0.0 1.0 2.0 -1.0 -2.0 -2.0 -3.0 6.0 0.0 1.0 1.0 2.0 2.0 1.0 -2.0 -3.0 -4.0 0.0 -3.0 4.0 3.0 -1.0 1.0 -5.0 -5.0 -2.0 -5.0 0.0 -1.0 -1.0 -1.0 2.0 1.0 -12.0 -1.0 5.0 18.0 25.0 -22.0 30.0 -3.0 19.0 4.0 -42.0 29.0 -51.0 -9.0 57.0 77.0 97.0 -327.0 410.0 -227.0 -1808.0 -3818.0 6444.0 -4162.0 0.0 33860.0 -4082.0 3484.0 -1502.0 233.0 -335.0 66.0 -154.0 -164.0 28.0 -16.0 85.0 58.0 52.0 -8.0 3.0 9.0 -6.0 10.0 -2.0 18.0 -10.0 0.0 8.0 -4.0 -3.0 -1.0 -3.0 -1.0 -5.0 6.0 0.0 -5.0 -5.0 -2.0 -1.0 1.0 0.0 1.0 0.0
-1.0 -2.0 -2.0 1.0 -2.0 -3.0 -2.0 -3.0 2.0 3.0 4.0 1.0 -2.0 -2.0 0.0 -2.0 -2.0 3.0 -1.0 -4.0 1.0 1.0 -1.0 1.0 -1.0 1.0 3.0 -1.0 2.0 0.0 -4.0 3.0 7.0 -5.0 3.0 -6.0 0.0 9.0 -7.0 -2.0 4.0 11.0 7.0 2.0 -19.0 -5.0 29.0 35.0 -8.0 19.0 -59.0 -49.0 124.0 414.0 -77.0 117.0 -430.0 -1043.0 -425.0 33860.0 0.0 -22726.0 11777.0 -4331.0 448.0 1021.0 -256.0 77.0 30.0 -134.0 -11.0 21.0 16.0 -22.0 -6.0 -46.0 -6.0 -51.0 -19.0 -2.0 -11.0 21.0 1.0 -8.0 -2.0 2.0 4.0 0.0 3.0 -3.0 2.0 2.0 1.0 1.0 2.0 1.0 1.0 -3.0 -3.0 -1.0
1.0 3.0 2.0 3.0 -1.0 -4.0 0.0 1.0 -1.0 -2.0 1.0 -3.0 1.0 -2.0 2.0 0.0 4.0 2.0 -5.0 2.0 1.0 -5.0 1.0 -4.0 -2.0 3.0 1.0 4.0 7.0 3.0 -6.0 5.0 -5.0 -6.0 6.0 -4.0 4.0 -6.0 -4.0 1.0 -11.0 -15.0 14.0 -22.0 -12.0 -7.0 -31.0 22.0 12.0 -6.0 -54.0 -52.0 -72.0 84.0 182.0 44.0 -16.0 750.0 -6304.0 -4082.0 -22726.0 0.0 -38857.0 -5424.0 1611.0 3082.0 -168.0 208.0 -56.0 44.0 -74.0 12.0 60.0 -14.0 -50.0 37.0 -49.0 -23.0 10.0 17.0 -1.0 -8.0 -10.0 -9.0 -3.0 14.0 -2.0 8.0 4.0 1.0 -1.0 3.0 -3.0 -1.0 4.0 -5.0 -4.0 -2.0 1.0 1.0
3.0 1.0 0.0 0.0 0.0 -2.0 0.0 0.0 -2.0 -1.0 0.0 1.0 2.0 0.0 0.0 1.0 1.0 0.0 -3.0 0.0 -4.0 -1.0 -3.0 3.0 2.0 -2.0 -1.0 1.0 1.0 7.0 1.0 6.0 -2.0 2.0 0.0 -2.0 0.0 3.0 7.0 4.0 4.0 -1.0 14.0 7.0 8.0 16.0 31.0 -2.0 6.0 -5.0 1.0 128.0 76.0 -133.0 -105.0 17.0 -246.0 -550.0 1086.0 3484.0 11777.0 -38857.0 0.0 -16874.0 1108.0 1098.0 -1289.0 609.0 -701.0 -7.0 13.0 -23.0 -23.0 -19.0 17.0 15.0 66.0 -43.0 37.0 13.0 0.0 -11.0 2.0 -16.0 0.0 8.0 -8.0 -2.0 -2.0 6.0 7.0 16.0 3.0 1.0 1.0 3.0 0.0 -4.0 -1.0 -1.0
6.0 -6.0 -4.0 -1.0 -2.0 -1.0 -1.0 -1.0 0.0 1.0 -1.0 -1.0 3.0 0.0 1.0 -3.0 -1.0 -1.0 0.0 0.0 0.0 -1.0 -1.0 1.0 4.0 -3.0 -2.0 0.0 0.0 -2.0 -4.0 -2.0 0.0 1.0 9.0 -11.0 7.0 -2.0 -11.0 1.0 -10.0 -5.0 -4.0 -7.0 -3.0 7.0 -13.0 28.0 25.0 -56.0 38.0 30.0 -35.0 63.0 147.0 108.0 -141.0 220.0 1268.0 -1502.0 -4331.0 -5424.0 -16874.0 0.0 -94350.0 15272.0 -568.0 78.0 620.0 333.0 -72.0 -90.0 -8.0 38.0 47.0 12.0 10.0 32.0 0.0 22.0 17.0 3.0 -6.0 14.0 8.0 5.0 14.0 -4.0 -2.0 11.0 6.0 5.0 6.0 -2.0 3.0 -6.0 -1.0 -2.0 1.0 3.0
-9.0 -2.0 6.0 2.0 -2.0 -2.0 -1.0 3.0 4.0 -1.0 3.0 2.0 4.0 -4.0 2.0 1.0 4.0 -1.0 3.0 0.0 -4.0 1.0 -2.0 -4.0 3.0 -3.0 4.0 4.0 -2.0 2.0 -2.0 6.0 6.0 -1.0 -3.0 -5.0 10.0 -4.0 5.0 -7.0 4.0 4.0 2.0 11.0 -11.0 -3.0 -17.0 3.0 0.0 -12.0 -39.0 8.0 -20.0 -54.0 -60.0 -49.0 108.0 154.0 -71.0 233.0 448.0 1611.0 1108.0 -94350.0 0.0 -82323.0 -3120.0 2806.0 -924.0 -622.0 -68.0 -201.0 -84.0 -78.0 -33.0 -81.0 -55.0 14.0 -8.0 -1.0 7.0 17.0 -7.0 -5.0 9.0 1.0 1.0 9.0 -2.0 7.0 -4.0 1.0 -1.0 1.0 0.0 -8.0 0.0 -4.0 3.0 5.0
-3.0 4.0 3.0 2.0 -4.0 2.0 -3.0 -2.0 -3.0 -1.0 -2.0 3.0 -4.0 -3.0 -5.0 3.0 0.0 0.0 2.0 -2.0 2.0 2.0 -1.0 3.0 2.0 0.0 2.0 -2.0 0.0 -3.0 0.0 4.0 -7.0 1.0 2.0 2.0 -7.0 -3.0 6.0 3.0 -19.0 -1.0 -4.0 3.0 7.0 2.0 30.0 -3.0 2.0 6.0 20.0 -32.0 13.0 9.0 -33.0 20.0 11.0 65.0 -167.0 -335.0 1021.0 3082.0 1098.0 15272.0 -82323.0 0.0 -5817.0 -9423.0 -2028.0 -229.0 -230.0 213.0 -256.0 -24.0 -59.0 -73.0 -1.0 26.0 -14.0 -21.0 -4.0 7.0 -4.0 0.0 -13.0 8.0 2.0 3.0 -2.0 4.0 4.0 16.0 5.0 4.0 -1.0 4.0 0.0 1.0 -10.0 0.0
1.0 4.0 0.0 1.0 3.0 0.0 -3.0 -1.0 0.0 -2.0 -1.0 -1.0 1.0 4.0 -1.0 -4.0 2.0 0.0 -1.0 -2.0 1.0 1.0 -1.0 2.0 -2.0 1.0 1.0 -2.0 0.0 -4.0 -2.0 3.0 4.0 0.0 3.0 7.0 4.0 -10.0 7.0 5.0 3.0 2.0 -3.0 -6.0 11.0 -10.0 -10.0 22.0 -6.0 21.0 -17.0 27.0 -19.0 14.0 -6.0 14.0 42.0 207.0 -170.0 66.0 -256.0 -168.0 -1289.0 -568.0 -3120.0 -5817.0 0.0 -30497.0 554.0 5038.0 -1155.0 486.0 259.0 -180.0 -323.0 78.0 2.0 44.0 1.0 -8.0 -12.0 24.0 -38.0 -39.0 -2.0 6.0 -5.0 -22.0 8.0 -7.0 -3.0 -6.0 2.0 -5.0 10.0 1.0 0.0 -2.0 -1.0 -3.0
10.0 0.0 1.0 -1.0 -1.0 -2.0 -3.0 -1.0 1.0 0.0 -2.0 -1.0 -2.0 -2.0 1.0 1.0 -1.0 -3.0 -3.0 2.0 -3.0 -2.0 0.0 1.0 5.0 -6.0 0.0 -2.0 1.0 0.0 7.0 -3.0 5.0 -4.0 -1.0 0.0 0.0 4.0 -1.0 -3.0 -1.0 0.0 -10.0 -2.0 -8.0 9.0 -3.0 -3.0 5.0 23.0 8.0 2.0 4.0 -6.0 -40.0 -33.0 12.0 180.0 210.0 -154.0 77.0 208.0 609.0 78.0 2806.0 -9423.0 -30497.0 0.0 -135020.0 -9221.0 2335.0 -776.0 -587.0 47.0 269.0 -230.0 69.0 62.0 46.0 71.0 -14.0 26.0 41.0 -25.0 30.0 12.0 -3.0 -13.0 -8.0 1.0 -16.0 -1.0 7.0 3.0 -6.0 0.0 7.0 -7.0 -1.0 1.0
-1.0 3.0 -2.0 -2.0 -2.0 1.0 -1.0 -1.0 1.0 1.0 0.0 1.0 3.0 1.0 -1.0 0.0 1.0 -1.0 1.0 3.0 0.0 3.0 0.0 -2.0 -5.0 -3.0 -1.0 1.0 -4.0 2.0 1.0 3.0 5.0 5.0 0.0 0.0 -4.0 0.0 -3.0 -3.0 -2.0 -4.0 3.0 5.0 -1.0 -8.0 7.0 0.0 5.0 11.0 18.0 -7.0 -15.0 -4.0 13.0 38.0 -38.0 -80.0 -48.0 -164.0 30.0 -56.0 -701.0 620.0 -924.0 -2028.0 554.0 -135020.0 0.0 -23728.0 -9274.0 -2744.0 533.0 309.0 -157.0 -38.0 91.0 -24.0 -30.0 29.0 -54.0 13.0 18.0 22.0 14.0 -5.0 -13.0 -9.0 2.0 4.0 8.0 0.0 0.0 3.0 -7.0 -7.0 1.0 3.0 0.0 1.0
-1.0 -10.0 1.0 -2.0 2.0 -1.0 -2.0 0.0 2.0 -2.0 -2.0 -3.0 -1.0 0.0 1.0 0.0 -2.0 1.0 1.0 -2.0 -1.0 4.0 0.0 1.0 0.0 0.0 4.0 0.0 0.0 0.0 -4.0 3.0 -4.0 1.0 2.0 -2.0 -5.0 2.0 1.0 5.0 -5.0 -9.0 -1.0 1.0 11.0 0.0 4.0 -6.0 4.0 -7.0 4.0 7.0 -24.0 26.0 -7.0 23.0 74.0 -34.0 -6.0 28.0 -134.0 44.0 -7.0 333.0 -622.0 -229.0 5038.0 -9221.0 -23728.0 0.0 45517.0 -6988.0 -4437.0 -1267.0 458.0 -467.0 21.0 60.0 27.0 79.0 91.0 8.0 2.0 6.0 32.0 19.0 26.0 13.0 1.0 8.0 8.0 22.0 -2.0 -3.0 -3.0 -6.0 11.0 2.0 5.0 2.0
0.0 -1.0 0.0 9.0 5.0 0.0 5.0 -4.0 3.0 -1.0 -1.0 6.0 4.0 0.0 -1.0 3.0 1.0 -2.0 1.0 -2.0 6.0 -3.0 -2.0 -2.0 1.0 1.0 -1.0 -3.0 -5.0 3.0 3.0 -1.0 -5.0 -2.0 -5.0 1.0 3.0 -1.0 -4.0 -1.0 -3.0 7.0 8.0 -12.0 -2.0 -2.0 -4.0 -1.0 -4.0 15.0 -19.0 -3.0 -1.0 7.0 15.0 -16.0 -9.0 54.0 54.0 -16.0 -11.0 -74.0 13.0 -72.0 -68.0 -230.0 -1155.0 2335.0 -9274.0 45517.0 0.0 -40642.0 7704.0 -478.0 -219.0 -226.0 39.0 125.0 -40.0 -97.0 -21.0 0.0 -2.0 -33.0 -10.0 -21.0 6.0 -22.0 0.0 8.0 -12.0 6.0 -15.0 6.0 6.0 2.0 0.0 6.0 13.0 -3.0
3.0 0.0 3.0 0.0 -2.0 -4.0 1.0 7.0 2.0 -3.0 4.0 -1.0 3.0 -3.0 2.0 -1.0 -3.0 0.0 5.0 -1.0 2.0 1.0 0.0 -3.0 0.0 -2.0 2.0 -1.0 -3.0 1.0 -1.0 3.0 -1.0 -4.0 0.0 1.0 -1.0 2.0 1.0 5.0 2.0 -2.0 5.0 -1.0 -1.0 -3.0 5.0 -2.0 0.0 1.0 1.0 -11.0 -8.0 8.0 -28.0 -1.0 22.0 46.0 -38.0 85.0 21.0 12.0 -23.0 -90.0 -201.0 213.0 486.0 -776.0 -2744.0 -6988.0 -40642.0 0.0 -65751.0 4918.0 -3075.0 766.0 -238.0 69.0 -139.0 -161.0 89.0 -79.0 -113.0 99.0 -36.0 -18.0 7.0 -26.0 -2.0 -5.0 -12.0 -8.0 14.0 1.0 -7.0 6.0 -2.0 9.0 -8.0 4.0
-3.0 -11.0 -2.0 -1.0 -1.0 -1.0 -1.0 2.0 1.0 7.0 1.0 -3.0 -3.0 2.0 7.0 4.0 0.0 3.0 1.0 5.0 0.0 0.0 -5.0 0.0 1.0 -2.0 -5.0 2.0 2.0 0.0 4.0 -1.0 -1.0 6.0 3.0 1.0 -1.0 0.0 1.0 -2.0 -2.0 6.0 2.0 -3.0 8.0 -1.0 0.0 -1.0 9.0 -1.0 -9.0 1.0 5.0 -4.0 2.0 -8.0 -16.0 1.0 -33.0 58.0 16.0 60.0 -23.0 -8.0 -84.0 -256.0 259.0 -587.0 533.0 -4437.0 7704.0 -65751.0 0.0 62222.0 12769.0 2736.0 -1222.0 405.0 -131.0 -17.0 -15.0 8.0 13.0 -54.0 -37.0 17.0 24.0 23.0 17.0 33.0 11.0 -28.0 0.0 11.0 -5.0 7.0 -6.0 -9.0 4.0 8.0
1.0 3.0 4.0 -5.0 -1.0 -1.0 2.0 4.0 -1.0 1.0 2.0 -2.0 0.0 -3.0 -3.0 1.0 2.0 -1.0 -2.0 -1.0 -1.0 -3.0 -2.0 3.0 2.0 2.0 1.0 0.0 -2.0 1.0 4.0 4.0 3.0 2.0 -3.0 -1.0 -1.0 -2.0 -2.0 3.0 -2.0 -3.0 -4.0 -4.0 5.0 -4.0 10.0 3.0 -8.0 -15.0 -4.0 -10.0 -12.0 -3.0 20.0 -6.0 19.0 -9.0 -27.0 52.0 -22.0 -14.0 -19.0 38.0 -78.0 -24.0 -180.0 47.0 309.0 -1267.0 -478.0 4918.0 62222.0 0.0 24699.0 2823.0 -3666.0 865.0 318.0 146.0 121.0 100.0 -5.0 59.0 -61.0 22.0 9.0 5.0 -3.0 -31.0 -41.0 15.0 11.0 -13.0 10.0 6.0 7.0 -2.0 -8.0 6.0
-1.0 -7.0 1.0 2.0 -1.0 -3.0 0.0 3.0 1.0 4.0 -6.0 -2.0 -1.0 -1.0 -2.0 -2.0 1.0 -6.0 1.0 3.0 1.0 1.0 0.0 2.0 -1.0 3.0 -3.0 -5.0 0.0 4.0 0.0 -1.0 4.0 1.0 1.0 -4.0 6.0 -1.0 -2.0 -3.0 -3.0 2.0 4.0 5.0 -4.0 1.0 -7.0 5.0 1.0 1.0 3.0 0.0 -4.0 -3.0 -15.0 -15.0 29.0 -23.0 -15.0 -8.0 -6.0 -50.0 17.0 47.0 -33.0 -59.0 -323.0 269.0 -157.0 458.0 -219.0 -3075.0 12769.0 24699.0 0.0 42574.0 9275.0 633.0 1848.0 -459.0 -258.0 -161.0 13.0 -63.0 39.0 -66.0 3.0 -11.0 -11.0 25.0 -11.0 -3.0 -7.0 -6.0 -10.0 5.0 -11.0 5.0 1.0 13.0
8.0 -9.0 -1.0 6.0 3.0 3.0 6.0 2.0 6.0 -1.0 -1.0 -2.0 -3.0 4.0 2.0 -5.0 -1.0 -4.0 1.0 0.0 1.0 3.0 -2.0 1.0 2.0 0.0 2.0 4.0 0.0 -5.0 3.0 -3.0 -3.0 6.0 1.0 2.0 -5.0 2.0 -2.0 3.0 5.0 0.0 1.0 -11.0 -1.0 1.0 2.0 -9.0 -7.0 -1.0 -9.0 4.0 -5.0 7.0 9.0 40.0 19.0 22.0 -24.0 3.0 -46.0 37.0 15.0 12.0 -81.0 -73.0 78.0 -230.0 -38.0 -467.0 -226.0 766.0 2736.0 2823.0 42574.0 0.0 88620.0 11628.0 1646.0 715.0 590.0 278.0 184.0 -25.0 99.0 -151.0 -84.0 -63.0 -7.0 -22.0 -21.0 -12.0 5.0 9.0 -1.0 5.0 3.0 3.0 -1.0 11.0
-1.0 -4.0 4.0 -1.0 -3.0 3.0 -3.0 -2.0 4.0 4.0 -2.0 -1.0 1.0 1.0 -3.0 1.0 3.0 -3.0 3.0 4.0 1.0 -3.0 1.0 -1.0 0.0 -1.0 -5.0 0.0 -1.0 -2.0 5.0 1.0 0.0 -4.0 -1.0 2.0 -4.0 -2.0 4.0 -2.0 1.0 1.0 2.0 4.0 1.0 5.0 -3.0 -2.0 -3.0 3.0 -3.0 6.0 -5.0 1.0 -1.0 -14.0 0.0 9.0 16.0 9.0 -6.0 -49.0 66.0 10.0 -55.0 -1.0 2.0 69.0 91.0 21.0 39.0 -238.0 -1222.0 -3666.0 9275.0 88620.0 0.0 37429.0 -16586.0 -3289.0 1097.0 -427.0 -343.0 139.0 47.0 -28.0 -76.0 40.0 14.0 27.0 15.0 25.0 -25.0 6.0 -8.0 0.0 17.0 4.0 -6.0 4.0
-8.0 6.0 7.0 12.0 -7.0 2.0 -1.0 -3.0 -8.0 -5.0 1.0 -1.0 1.0 1.0 0.0 2.0 0.0 2.0 2.0 3.0 0.0 4.0 5.0 1.0 -2.0 -3.0 3.0 -1.0 0.0 2.0 0.0 0.0 -6.0 -1.0 1.0 -1.0 3.0 -1.0 3.0 1.0 -1.0 1.0 0.0 1.0 2.0 5.0 0.0 -3.0 -4.0 -6.0 -3.0 -9.0 9.0 -6.0 -4.0 8.0 -12.0 9.0 -3.0 -6.0 -51.0 -23.0 -43.0 32.0 14.0 26.0 44.0 62.0 -24.0 60.0 125.0 69.0 405.0 865.0 633.0 11628.0 37429.0 0.0 -10464.0 -3446.0 -2497.0 262.0 -188.0 -338.0 12.0 110.0 5.0 0.0 95.0 31.0 43.0 -4.0 -26.0 -10.0 9.0 -2.0 -17.0 -25.0 6.0 10.0
-15.0 8.0 9.0 -8.0 4.0 -4.0 -2.0 0.0 -2.0 2.0 4.0 -3.0 2.0 0.0 -3.0 1.0 -4.0 -1.0 2.0 -1.0 -1.0 -1.0 1.0 2.0 -1.0 -1.0 1.0 -2.0 1.0 1.0 1.0 2.0 3.0 0.0 1.0 -1.0 -3.0 -2.0 -6.0 3.0 4.0 -4.0 -3.0 -2.0 1.0 2.0 -1.0 4.0 -3.0 -5.0 1.0 6.0 8.0 -2.0 -7.0 17.0 3.0 -19.0 11.0 10.0 -19.0 10.0 37.0 0.0 -8.0 -14.0 1.0 46.0 -30.0 27.0 -40.0 -139.0 -131.0 318.0 1848.0 1646.0 -16586.0 -10464.0 0.0 -70540.0 -8355.0 -2176.0 -1049.0 -1033.0 -360.0 -467.0 -142.0 74.0 0.0 33.0 -6.0 -72.0 -12.0 -7.0 -10.0 19.0 -10.0 11.0 10.0 25.0
