0.0 -87873.0 1695.0 1718.0 1119.0 1056.0 -350.0 -93.0 -151.0 -20.0 -36.0 -80.0 -26.0 -60.0 9.0 -15.0 -22.0 -10.0 27.0 15.0 4.0 -8.0 8.0 -16.0 2.0 5.0 1.0 2.0 2.0 0.0 -1.0 -6.0 -2.0 2.0 4.0 2.0 3.0 0.0 -6.0 0.0 -1.0 1.0 -2.0 -1.0 0.0 0.0 -2.0 -2.0 3.0 -1.0 0.0 -2.0 -1.0 3.0 -1.0 0.0 0.0 0.0 3.0 2.0 1.0 4.0 0.0 4.0 0.0 4.0 3.0 0.0 2.0 -1.0 7.0 -2.0 -6.0 -8.0 -9.0 -1.0 2.0 -6.0 -13.0 -9.0 3.0 -5.0 15.0 -15.0 20.0 28.0 32.0 -22.0 -82.0 -35.0 11.0 80.0 -84.0 -59.0 115.0 262.0 -650.0 -2006.0 -6716.0 -23379.0
-87873.0 0.0 43039.0 -16444.0 -1175.0 1383.0 352.0 -137.0 137.0 14.0 11.0 -14.0 50.0 17.0 37.0 -10.0 -25.0 -6.0 -25.0 -3.0 2.0 4.0 -7.0 -4.0 5.0 6.0 3.0 6.0 12.0 4.0 -2.0 0.0 -3.0 -2.0 -5.0 0.0 -1.0 1.0 -3.0 2.0 3.0 -1.0 -1.0 -2.0 1.0 -5.0 2.0 0.0 0.0 3.0 0.0 -1.0 1.0 -1.0 1.0 1.0 3.0 -5.0 0.0 2.0 2.0 3.0 1.0 0.0 2.0 2.0 1.0 -1.0 1.0 4.0 3.0 2.0 -2.0 -7.0 2.0 7.0 0.0 -6.0 3.0 -5.0 -16.0 16.0 -2.0 9.0 19.0 34.0 -10.0 -10.0 5.0 -20.0 -27.0 -89.0 94.0 143.0 -314.0 84.0 -84.0 -2127.0 426.0 3835.0
1695.0 43039.0 0.0 -10217.0 -4900.0 -2960.0 -801.0 -182.0 -306.0 -129.0 -13.0 156.0 61.0 33.0 18.0 -27.0 -39.0 40.0 -11.0 22.0 6.0 6.0 -23.0 9.0 -1.0 -8.0 -15.0 -7.0 15.0 0.0 6.0 9.0 -1.0 7.0 1.0 3.0 0.0 0.0 1.0 -3.0 -2.0 -6.0 -1.0 -1.0 0.0 2.0 2.0 -2.0 4.0 2.0 1.0 -2.0 0.0 0.0 2.0 2.0 1.0 2.0 0.0 1.0 1.0 4.0 3.0 5.0 1.0 5.0 0.0 3.0 1.0 -4.0 -1.0 -2.0 11.0 5.0 5.0 -3.0 3.0 3.0 1.0 1.0 0.0 -13.0 13.0 11.0 3.0 17.0 -1.0 -9.0 27.0 -18.0 -52.0 9.0 -52.0 35.0 34.0 -69.0 86.0 1370.0 -429.0 -605.0
1718.0 -16444.0 -10217.0 0.0 -71101.0 1025.0 2632.0 -2445.0 -173.0 445.0 245.0 -62.0 216.0 17.0 -52.0 -9.0 -6.0 -5.0 -11.0 -42.0 -17.0 19.0 -2.0 10.0 -16.0 17.0 -4.0 0.0 -2.0 -5.0 2.0 0.0 -5.0 -5.0 7.0 3.0 -6.0 5.0 3.0 4.0 1.0 0.0 3.0 -1.0 -2.0 1.0 -4.0 3.0 -2.0 1.0 -1.0 5.0 1.0 -2.0 -3.0 -1.0 0.0 2.0 4.0 -1.0 3.0 4.0 2.0 -1.0 1.0 1.0 -2.0 -6.0 1.0 -2.0 2.0 1.0 3.0 1.0 3.0 -2.0 -4.0 -1.0 -5.0 -2.0 6.0 10.0 5.0 -3.0 12.0 -14.0 -34.0 -5.0 -25.0 -21.0 26.0 -48.0 -79.0 44.0 -128.0 74.0 35.0 196.0 228.0 -903.0
1119.0 -1175.0 -4900.0 -71101.0 0.0 50568.0 3865.0 1649.0 -157.0 -564.0 -191.0 -17.0 32.0 -7.0 -52.0 54.0 -98.0 6.0 -39.0 2.0 1.0 0.0 7.0 22.0 4.0 14.0 10.0 16.0 -4.0 -6.0 -4.0 8.0 -5.0 0.0 6.0 4.0 -1.0 -2.0 1.0 1.0 -3.0 1.0 -1.0 5.0 1.0 -2.0 0.0 -1.0 0.0 4.0 2.0 0.0 0.0 0.0 -1.0 0.0 -1.0 -3.0 -3.0 1.0 3.0 6.0 1.0 1.0 -1.0 1.0 1.0 0.0 -3.0 1.0 -5.0 0.0 -4.0 7.0 8.0 -3.0 -11.0 -3.0 -7.0 11.0 3.0 12.0 13.0 -8.0 10.0 26.0 -16.0 9.0 -3.0 -10.0 12.0 -7.0 0.0 -40.0 -15.0 22.0 -60.0 -206.0 607.0 656.0
1056.0 1383.0 -2960.0 1025.0 50568.0 0.0 -75084.0 -12906.0 4197.0 1618.0 -423.0 -370.0 -113.0 118.0 37.0 126.0 -132.0 1.0 26.0 35.0 -28.0 14.0 20.0 10.0 6.0 7.0 -5.0 6.0 4.0 0.0 4.0 6.0 5.0 2.0 4.0 -3.0 -3.0 3.0 0.0 2.0 4.0 -2.0 2.0 1.0 4.0 1.0 -3.0 -2.0 0.0 1.0 2.0 -2.0 -1.0 -1.0 5.0 1.0 1.0 0.0 0.0 -1.0 -1.0 2.0 0.0 -6.0 -7.0 1.0 3.0 -1.0 -1.0 2.0 3.0 -1.0 5.0 0.0 2.0 3.0 1.0 -2.0 11.0 2.0 0.0 -9.0 -6.0 -4.0 -4.0 17.0 22.0 1.0 -35.0 28.0 -5.0 1.0 54.0 45.0 -35.0 -69.0 9.0 -64.0 110.0 126.0
-350.0 352.0 -801.0 2632.0 3865.0 -75084.0 0.0 -35016.0 -1716.0 343.0 -213.0 -218.0 -279.0 5.0 132.0 61.0 60.0 91.0 23.0 -35.0 41.0 -8.0 6.0 -13.0 -2.0 -5.0 -14.0 -3.0 -1.0 -5.0 -2.0 0.0 0.0 -1.0 3.0 -2.0 0.0 2.0 -3.0 -4.0 1.0 7.0 4.0 1.0 2.0 0.0 -1.0 -1.0 3.0 2.0 3.0 0.0 -2.0 3.0 -1.0 0.0 2.0 6.0 1.0 -1.0 3.0 2.0 1.0 -1.0 -1.0 0.0 -3.0 1.0 -1.0 2.0 -1.0 2.0 2.0 3.0 -4.0 2.0 6.0 -5.0 -4.0 2.0 -1.0 4.0 -9.0 17.0 -6.0 -21.0 0.0 28.0 10.0 -11.0 21.0 -5.0 -15.0 -33.0 9.0 66.0 -107.0 -34.0 215.0 194.0
-93.0 -137.0 -182.0 -2445.0 1649.0 -12906.0 -35016.0 0.0 103776.0 3987.0 -1611.0 534.0 493.0 -867.0 28.0 244.0 85.0 -55.0 11.0 -30.0 33.0 12.0 13.0 22.0 8.0 -18.0 9.0 3.0 7.0 -8.0 0.0 0.0 0.0 0.0 4.0 -8.0 -3.0 2.0 2.0 2.0 1.0 -3.0 0.0 -2.0 -4.0 0.0 4.0 -4.0 -2.0 3.0 0.0 -1.0 2.0 7.0 4.0 -2.0 3.0 2.0 -3.0 1.0 -1.0 2.0 5.0 -1.0 5.0 -2.0 -2.0 0.0 5.0 1.0 -3.0 4.0 3.0 -3.0 -7.0 3.0 2.0 -2.0 11.0 2.0 2.0 4.0 -3.0 6.0 6.0 -4.0 7.0 -7.0 -3.0 0.0 -1.0 -3.0 5.0 -7.0 -26.0 -47.0 156.0 -96.0 -64.0 -258.0
-151.0 137.0 -306.0 -173.0 -157.0 4197.0 -1716.0 103776.0 0.0 -112818.0 25872.0 898.0 1712.0 516.0 103.0 -265.0 44.0 -271.0 97.0 43.0 7.0 14.0 -38.0 -12.0 -28.0 0.0 -7.0 -9.0 -3.0 10.0 -13.0 0.0 -9.0 6.0 -4.0 6.0 0.0 -9.0 5.0 4.0 -7.0 -4.0 -1.0 -6.0 1.0 1.0 -2.0 0.0 0.0 3.0 -1.0 2.0 2.0 3.0 3.0 1.0 -1.0 3.0 2.0 2.0 -2.0 -1.0 -3.0 0.0 -1.0 0.0 3.0 2.0 -1.0 4.0 1.0 1.0 -1.0 3.0 -3.0 -1.0 0.0 7.0 1.0 -1.0 -1.0 9.0 -7.0 -15.0 4.0 3.0 8.0 1.0 -12.0 20.0 7.0 6.0 27.0 4.0 17.0 -19.0 35.0 -95.0 7.0 -27.0
-20.0 14.0 -129.0 445.0 -564.0 1618.0 343.0 3987.0 -112818.0 0.0 41773.0 -3231.0 1561.0 -1192.0 -1121.0 226.0 158.0 45.0 104.0 58.0 -35.0 -15.0 6.0 -18.0 -33.0 32.0 -7.0 0.0 0.0 9.0 13.0 1.0 4.0 13.0 -1.0 1.0 -5.0 -5.0 7.0 2.0 -2.0 5.0 0.0 -1.0 -5.0 2.0 -1.0 3.0 -3.0 -4.0 -5.0 -1.0 -1.0 2.0 3.0 1.0 6.0 -2.0 0.0 -4.0 -2.0 0.0 2.0 -2.0 0.0 4.0 -1.0 -3.0 -1.0 2.0 -1.0 -2.0 -3.0 -2.0 -2.0 0.0 -4.0 4.0 1.0 -4.0 7.0 -3.0 0.0 -8.0 5.0 0.0 4.0 9.0 -1.0 2.0 21.0 -19.0 -1.0 -4.0 -9.0 3.0 35.0 54.0 -37.0 -11.0
-36.0 11.0 -13.0 245.0 -191.0 -423.0 -213.0 -1611.0 25872.0 41773.0 0.0 -143150.0 -10047.0 3459.0 415.0 -447.0 75.0 -126.0 319.0 179.0 139.0 -63.0 55.0 -15.0 8.0 -14.0 -1.0 2.0 1.0 -4.0 10.0 -18.0 -4.0 -8.0 -12.0 12.0 5.0 3.0 3.0 -6.0 6.0 7.0 -7.0 -2.0 0.0 3.0 3.0 -1.0 0.0 2.0 -1.0 -1.0 0.0 -5.0 -1.0 -1.0 4.0 1.0 2.0 -1.0 -2.0 -3.0 -2.0 -1.0 0.0 -1.0 0.0 -1.0 0.0 3.0 -3.0 -1.0 6.0 -6.0 0.0 -2.0 3.0 -5.0 6.0 3.0 -2.0 0.0 5.0 0.0 -2.0 1.0 8.0 6.0 8.0 -7.0 13.0 -18.0 4.0 12.0 -10.0 -9.0 6.0 -17.0 -58.0 74.0
-80.0 -14.0 156.0 -62.0 -17.0 -370.0 -218.0 534.0 898.0 -3231.0 -143150.0 0.0 -103172.0 3164.0 -3354.0 -2369.0 -69.0 235.0 -202.0 -59.0 -112.0 168.0 -54.0 -42.0 -60.0 28.0 -19.0 -1.0 -13.0 -18.0 -8.0 -4.0 -10.0 -4.0 1.0 2.0 3.0 3.0 -3.0 -2.0 1.0 -5.0 1.0 -3.0 -4.0 -2.0 2.0 1.0 -1.0 -2.0 -2.0 0.0 1.0 -6.0 -2.0 4.0 1.0 -2.0 -1.0 2.0 -1.0 0.0 -4.0 -4.0 0.0 2.0 1.0 4.0 1.0 1.0 0.0 5.0 -3.0 0.0 -4.0 1.0 -3.0 4.0 -3.0 6.0 -7.0 0.0 10.0 3.0 3.0 0.0 -9.0 2.0 -19.0 12.0 14.0 14.0 5.0 21.0 -8.0 2.0 4.0 -34.0 -2.0 106.0
-26.0 50.0 61.0 216.0 32.0 -113.0 -279.0 493.0 1712.0 1561.0 -10047.0 -103172.0 0.0 -8727.0 -1688.0 2556.0 478.0 -236.0 -287.0 -114.0 133.0 -73.0 -6.0 -102.0 -118.0 11.0 5.0 -10.0 22.0 -36.0 -1.0 1.0 -5.0 -10.0 2.0 -7.0 13.0 -7.0 0.0 6.0 -2.0 -2.0 -2.0 -4.0 2.0 5.0 -4.0 3.0 3.0 -3.0 -1.0 0.0 -4.0 3.0 -2.0 1.0 3.0 -3.0 2.0 0.0 -2.0 4.0 1.0 1.0 -2.0 -1.0 2.0 0.0 3.0 2.0 0.0 0.0 -3.0 -1.0 2.0 2.0 1.0 -2.0 5.0 2.0 -6.0 -3.0 5.0 -3.0 6.0 -1.0 -2.0 -12.0 -1.0 0.0 -11.0 6.0 -10.0 25.0 15.0 -7.0 21.0 -6.0 24.0 -39.0
-60.0 17.0 33.0 17.0 -7.0 118.0 5.0 -867.0 516.0 -1192.0 3459.0 3164.0 -8727.0 0.0 60012.0 -11353.0 -2432.0 -814.0 378.0 -60.0 -146.0 139.0 84.0 35.0 -2.0 20.0 -22.0 27.0 -22.0 -27.0 1.0 31.0 19.0 -1.0 -3.0 -12.0 11.0 -9.0 3.0 -1.0 8.0 -5.0 1.0 -1.0 6.0 5.0 2.0 3.0 3.0 -3.0 0.0 0.0 0.0 -4.0 1.0 0.0 4.0 -4.0 1.0 -1.0 -1.0 0.0 1.0 0.0 1.0 0.0 0.0 1.0 -1.0 1.0 1.0 2.0 0.0 3.0 3.0 -4.0 0.0 -4.0 -3.0 -2.0 5.0 4.0 -2.0 0.0 -6.0 5.0 -7.0 2.0 -14.0 -7.0 0.0 5.0 -8.0 4.0 -13.0 5.0 15.0 -14.0 11.0 -29.0
9.0 37.0 18.0 -52.0 -52.0 37.0 132.0 28.0 103.0 -1121.0 415.0 -3354.0 -1688.0 60012.0 0.0 -57625.0 -4910.0 -833.0 -1197.0 114.0 261.0 149.0 -11.0 69.0 -46.0 4.0 -14.0 -8.0 -11.0 -27.0 -20.0 -14.0 3.0 5.0 13.0 16.0 14.0 9.0 -3.0 1.0 10.0 2.0 -1.0 1.0 -4.0 -1.0 -4.0 6.0 3.0 -2.0 -3.0 3.0 -3.0 3.0 -1.0 -3.0 -3.0 -1.0 -3.0 -1.0 -2.0 -2.0 -2.0 2.0 0.0 -2.0 4.0 1.0 -2.0 2.0 0.0 2.0 1.0 4.0 0.0 -2.0 -2.0 2.0 2.0 2.0 -4.0 1.0 2.0 -3.0 2.0 -5.0 3.0 3.0 0.0 -1.0 0.0 -10.0 -16.0 2.0 5.0 17.0 -18.0 14.0 -10.0 -18.0
-15.0 -10.0 -27.0 -9.0 54.0 126.0 61.0 244.0 -265.0 226.0 -447.0 -2369.0 2556.0 -11353.0 -57625.0 0.0 37602.0 -20536.0 4910.0 154.0 793.0 431.0 -13.0 95.0 -61.0 -8.0 83.0 -56.0 20.0 -40.0 47.0 -5.0 2.0 -6.0 -12.0 -21.0 4.0 -8.0 -4.0 -1.0 -5.0 -16.0 -2.0 -3.0 0.0 -6.0 -1.0 0.0 1.0 -6.0 -5.0 5.0 -1.0 1.0 5.0 -3.0 1.0 3.0 1.0 5.0 -2.0 0.0 -3.0 3.0 -1.0 -1.0 0.0 2.0 -4.0 -2.0 0.0 2.0 -2.0 1.0 1.0 -4.0 -2.0 0.0 1.0 3.0 1.0 0.0 5.0 -3.0 -2.0 5.0 0.0 1.0 -10.0 5.0 8.0 21.0 -1.0 -13.0 -6.0 14.0 -8.0 9.0 31.0 -21.0
-22.0 -25.0 -39.0 -6.0 -98.0 -132.0 60.0 85.0 44.0 158.0 75.0 -69.0 478.0 -2432.0 -4910.0 37602.0 0.0 -24948.0 20508.0 -2556.0 2074.0 366.0 115.0 -17.0 -57.0 168.0 -142.0 -33.0 -10.0 -10.0 30.0 -8.0 16.0 -7.0 -16.0 -3.0 7.0 -16.0 8.0 2.0 11.0 5.0 7.0 11.0 -1.0 6.0 -5.0 6.0 3.0 -2.0 4.0 4.0 -2.0 4.0 3.0 -1.0 2.0 1.0 3.0 -1.0 -2.0 3.0 -1.0 0.0 4.0 -1.0 -1.0 0.0 2.0 1.0 -2.0 6.0 -4.0 -1.0 5.0 -2.0 -3.0 4.0 -4.0 1.0 1.0 -4.0 5.0 1.0 -3.0 -1.0 -2.0 2.0 0.0 -3.0 3.0 -7.0 7.0 9.0 -4.0 -2.0 -18.0 3.0 -9.0 -5.0
-10.0 -6.0 40.0 -5.0 6.0 1.0 91.0 -55.0 -271.0 45.0 -126.0 235.0 -236.0 -814.0 -833.0 -20536.0 -24948.0 0.0 12620.0 11977.0 -2621.0 -1564.0 218.0 -59.0 45.0 98.0 -59.0 5.0 -45.0 -33.0 9.0 -5.0 17.0 -2.0 3.0 -3.0 -25.0 -3.0 -7.0 1.0 1.0 3.0 2.0 -2.0 2.0 3.0 9.0 -6.0 6.0 -3.0 -1.0 -4.0 -5.0 3.0 -2.0 -2.0 0.0 0.0 0.0 5.0 -1.0 1.0 2.0 1.0 0.0 2.0 0.0 -2.0 4.0 2.0 2.0 -1.0 -1.0 2.0 -1.0 -3.0 3.0 -3.0 0.0 -1.0 -2.0 1.0 -8.0 4.0 -2.0 2.0 0.0 -5.0 -1.0 3.0 0.0 -8.0 -4.0 -1.0 -16.0 4.0 1.0 -8.0 -6.0 7.0
27.0 -25.0 -11.0 -11.0 -39.0 26.0 23.0 11.0 97.0 104.0 319.0 -202.0 -287.0 378.0 -1197.0 4910.0 20508.0 12620.0 0.0 124361.0 4079.0 -1443.0 -131.0 -361.0 246.0 125.0 52.0 -7.0 -7.0 80.0 7.0 34.0 37.0 29.0 -3.0 34.0 3.0 -30.0 4.0 -14.0 2.0 1.0 -16.0 7.0 -5.0 -2.0 3.0 1.0 5.0 1.0 5.0 -1.0 -4.0 -1.0 0.0 0.0 8.0 -1.0 6.0 -1.0 1.0 3.0 0.0 -1.0 -2.0 -1.0 -1.0 2.0 0.0 -3.0 1.0 -6.0 2.0 2.0 -4.0 1.0 1.0 -2.0 4.0 0.0 -1.0 -2.0 -1.0 -1.0 0.0 2.0 -3.0 -3.0 6.0 -9.0 0.0 9.0 -4.0 2.0 9.0 -2.0 15.0 18.0 6.0 -4.0
15.0 -3.0 22.0 -42.0 2.0 35.0 -35.0 -30.0 43.0 58.0 179.0 -59.0 -114.0 -60.0 114.0 154.0 -2556.0 11977.0 124361.0 0.0 33837.0 5157.0 1912.0 -503.0 -607.0 -346.0 -7.0 -133.0 -2.0 -200.0 58.0 -23.0 -97.0 26.0 27.0 -7.0 2.0 11.0 -12.0 -11.0 -9.0 -5.0 -12.0 5.0 -5.0 -7.0 2.0 9.0 0.0 3.0 -7.0 -4.0 4.0 0.0 -1.0 -2.0 0.0 -1.0 -2.0 0.0 -3.0 3.0 0.0 1.0 0.0 -1.0 2.0 4.0 0.0 0.0 2.0 -2.0 -1.0 0.0 0.0 -2.0 5.0 3.0 1.0 1.0 -1.0 1.0 4.0 3.0 0.0 -1.0 4.0 0.0 -3.0 -6.0 -3.0 -7.0 7.0 -4.0 -2.0 -4.0 -8.0 -2.0 -11.0 -12.0
4.0 2.0 6.0 -17.0 1.0 -28.0 41.0 33.0 7.0 -35.0 139.0 -112.0 133.0 -146.0 261.0 793.0 2074.0 -2621.0 4079.0 33837.0 0.0 -59295.0 -9658.0 -4586.0 2677.0 -240.0 -858.0 -3.0 -388.0 -71.0 -24.0 22.0 -81.0 29.0 9.0 -3.0 -29.0 -12.0 -3.0 -4.0 -9.0 11.0 -1.0 10.0 -5.0 0.0 -3.0 -7.0 -1.0 4.0 5.0 4.0 -1.0 3.0 4.0 -6.0 4.0 2.0 1.0 0.0 -1.0 1.0 -4.0 2.0 -2.0 -2.0 0.0 -3.0 3.0 -2.0 -3.0 1.0 2.0 3.0 1.0 -1.0 0.0 1.0 0.0 -4.0 -4.0 2.0 2.0 1.0 0.0 1.0 1.0 1.0 0.0 0.0 -2.0 6.0 8.0 2.0 4.0 -3.0 8.0 -7.0 17.0 -1.0
-8.0 4.0 6.0 19.0 0.0 14.0 -8.0 12.0 14.0 -15.0 -63.0 168.0 -73.0 139.0 149.0 431.0 366.0 -1564.0 -1443.0 5157.0 -59295.0 0.0 5919.0 6140.0 1362.0 -1656.0 199.0 893.0 56.0 48.0 -71.0 70.0 14.0 -43.0 29.0 -29.0 -10.0 10.0 -10.0 -31.0 9.0 -7.0 -2.0 -5.0 7.0 3.0 -13.0 -4.0 0.0 -8.0 1.0 -8.0 -1.0 -1.0 -3.0 -1.0 0.0 1.0 -1.0 -3.0 -3.0 0.0 -4.0 1.0 4.0 -1.0 -3.0 -3.0 2.0 1.0 0.0 3.0 -1.0 -1.0 2.0 0.0 -6.0 2.0 -4.0 -7.0 -1.0 -2.0 -2.0 0.0 2.0 3.0 -2.0 -5.0 2.0 0.0 3.0 -1.0 -3.0 1.0 3.0 5.0 -8.0 4.0 2.0 -5.0
8.0 -7.0 -23.0 -2.0 7.0 20.0 6.0 13.0 -38.0 6.0 55.0 -54.0 -6.0 84.0 -11.0 -13.0 115.0 218.0 -131.0 1912.0 -9658.0 5919.0 0.0 -156615.0 13627.0 -3017.0 -119.0 219.0 -261.0 -171.0 -114.0 96.0 -80.0 73.0 -51.0 13.0 19.0 24.0 16.0 40.0 -15.0 11.0 -7.0 -19.0 -3.0 13.0 -2.0 -3.0 7.0 0.0 -4.0 -4.0 5.0 -1.0 2.0 4.0 6.0 4.0 1.0 -1.0 -5.0 -5.0 2.0 1.0 0.0 0.0 -1.0 2.0 -1.0 3.0 -1.0 -2.0 0.0 2.0 -1.0 -1.0 -4.0 3.0 -1.0 2.0 -5.0 0.0 -3.0 0.0 1.0 4.0 -1.0 -2.0 -2.0 0.0 -1.0 -3.0 2.0 7.0 -4.0 3.0 -2.0 4.0 -4.0 -6.0
-16.0 -4.0 9.0 10.0 22.0 10.0 -13.0 22.0 -12.0 -18.0 -15.0 -42.0 -102.0 35.0 69.0 95.0 -17.0 -59.0 -361.0 -503.0 -4586.0 6140.0 -156615.0 0.0 56178.0 7717.0 1620.0 822.0 114.0 590.0 -185.0 4.0 -22.0 -132.0 103.0 20.0 53.0 23.0 -5.0 -17.0 -27.0 13.0 -18.0 -3.0 2.0 -2.0 6.0 5.0 -13.0 4.0 -4.0 5.0 1.0 5.0 4.0 0.0 4.0 2.0 -4.0 -1.0 4.0 -3.0 3.0 -3.0 -1.0 -2.0 -5.0 -2.0 -2.0 0.0 1.0 0.0 0.0 1.0 -4.0 1.0 3.0 -2.0 0.0 1.0 -1.0 -3.0 1.0 -4.0 0.0 -3.0 2.0 -1.0 1.0 -3.0 0.0 -4.0 5.0 1.0 -5.0 -5.0 3.0 5.0 -4.0 9.0
2.0 5.0 -1.0 -16.0 4.0 6.0 -2.0 8.0 -28.0 -33.0 8.0 -60.0 -118.0 -2.0 -46.0 -61.0 -57.0 45.0 246.0 -607.0 2677.0 1362.0 13627.0 56178.0 0.0 38811.0 22275.0 -1375.0 -847.0 327.0 279.0 149.0 77.0 36.0 -98.0 -42.0 -13.0 0.0 31.0 -38.0 -12.0 -29.0 12.0 -31.0 6.0 11.0 -13.0 9.0 -11.0 7.0 -3.0 -6.0 -10.0 4.0 3.0 1.0 0.0 1.0 -6.0 -3.0 -4.0 -3.0 2.0 2.0 4.0 0.0 2.0 -2.0 -3.0 2.0 3.0 -3.0 4.0 -1.0 -1.0 1.0 1.0 0.0 -1.0 -1.0 -3.0 -2.0 -3.0 1.0 -1.0 1.0 -5.0 1.0 4.0 -1.0 11.0 5.0 -2.0 1.0 8.0 6.0 2.0 4.0 -6.0 0.0
5.0 6.0 -8.0 17.0 14.0 7.0 -5.0 -18.0 0.0 32.0 -14.0 28.0 11.0 20.0 4.0 -8.0 168.0 98.0 125.0 -346.0 -240.0 -1656.0 -3017.0 7717.0 38811.0 0.0 -146814.0 -5077.0 1682.0 -224.0 575.0 -412.0 -252.0 128.0 -70.0 -143.0 36.0 -51.0 -75.0 47.0 -2.0 -40.0 24.0 -12.0 1.0 -14.0 -10.0 -11.0 -8.0 6.0 -6.0 2.0 -1.0 2.0 7.0 3.0 2.0 3.0 -4.0 2.0 -3.0 0.0 6.0 1.0 -2.0 -3.0 2.0 0.0 0.0 -3.0 0.0 2.0 0.0 -1.0 -1.0 -1.0 0.0 -4.0 -2.0 -2.0 -2.0 3.0 1.0 -2.0 -1.0 3.0 -1.0 -4.0 3.0 -6.0 -2.0 1.0 1.0 -6.0 1.0 -1.0 -4.0 -7.0 -4.0 4.0
1.0 3.0 -15.0 -4.0 10.0 -5.0 -14.0 9.0 -7.0 -7.0 -1.0 -19.0 5.0 -22.0 -14.0 83.0 -142.0 -59.0 52.0 -7.0 -858.0 199.0 -119.0 1620.0 22275.0 -146814.0 0.0 86897.0 -19599.0 -34.0 -2417.0 -1310.0 414.0 71.0 10.0 126.0 -2.0 62.0 -33.0 -6.0 47.0 -33.0 -25.0 14.0 -5.0 -3.0 11.0 1.0 8.0 -13.0 -13.0 7.0 7.0 5.0 3.0 -1.0 3.0 8.0 3.0 -1.0 -3.0 -5.0 0.0 0.0 -2.0 4.0 4.0 3.0 2.0 4.0 1.0 1.0 0.0 -2.0 1.0 -3.0 -1.0 -3.0 0.0 -2.0 1.0 2.0 3.0 -1.0 3.0 1.0 2.0 1.0 -2.0 -5.0 0.0 -3.0 0.0 -4.0 -5.0 2.0 -11.0 -1.0 4.0 2.0
2.0 6.0 -7.0 0.0 16.0 6.0 -3.0 3.0 -9.0 0.0 2.0 -1.0 -10.0 27.0 -8.0 -56.0 -33.0 5.0 -7.0 -133.0 -3.0 893.0 219.0 822.0 -1375.0 -5077.0 86897.0 0.0 -56133.0 -736.0 156.0 681.0 514.0 11.0 -329.0 -10.0 84.0 87.0 -7.0 15.0 17.0 -42.0 4.0 -15.0 28.0 -16.0 -1.0 -6.0 16.0 0.0 15.0 2.0 -1.0 5.0 -6.0 8.0 -1.0 1.0 -2.0 0.0 -2.0 4.0 1.0 0.0 -2.0 -2.0 -5.0 0.0 4.0 2.0 0.0 2.0 3.0 2.0 3.0 1.0 1.0 5.0 -4.0 -4.0 1.0 -1.0 2.0 -3.0 0.0 2.0 2.0 -1.0 -6.0 2.0 1.0 7.0 0.0 -1.0 -1.0 0.0 4.0 -1.0 -4.0 -1.0
2.0 12.0 15.0 -2.0 -4.0 4.0 -1.0 7.0 -3.0 0.0 1.0 -13.0 22.0 -22.0 -11.0 20.0 -10.0 -45.0 -7.0 -2.0 -388.0 56.0 -261.0 114.0 -847.0 1682.0 -19599.0 -56133.0 0.0 13602.0 -1871.0 246.0 -1400.0 -117.0 29.0 -357.0 -1.0 1.0 -46.0 -67.0 -64.0 -44.0 18.0 -9.0 36.0 4.0 29.0 6.0 -4.0 3.0 15.0 4.0 -5.0 -3.0 -4.0 8.0 -8.0 7.0 4.0 2.0 0.0 1.0 3.0 -4.0 0.0 -5.0 1.0 1.0 0.0 0.0 -5.0 -2.0 -2.0 -5.0 -1.0 1.0 3.0 -3.0 -4.0 5.0 -1.0 0.0 2.0 0.0 0.0 -3.0 -1.0 -3.0 0.0 2.0 1.0 -2.0 -2.0 3.0 0.0 1.0 -1.0 5.0 1.0 -2.0
0.0 4.0 0.0 -5.0 -6.0 0.0 -5.0 -8.0 10.0 9.0 -4.0 -18.0 -36.0 -27.0 -27.0 -40.0 -10.0 -33.0 80.0 -200.0 -71.0 48.0 -171.0 590.0 327.0 -224.0 -34.0 -736.0 13602.0 0.0 -1882.0 -4269.0 1567.0 317.0 -630.0 431.0 -96.0 311.0 -73.0 138.0 12.0 31.0 -39.0 -7.0 -10.0 -14.0 4.0 1.0 2.0 -4.0 9.0 1.0 -1.0 2.0 1.0 7.0 0.0 4.0 3.0 5.0 -18.0 -5.0 2.0 -4.0 5.0 -2.0 0.0 -4.0 -2.0 -4.0 3.0 1.0 -2.0 1.0 1.0 -4.0 1.0 -1.0 -2.0 -2.0 1.0 -1.0 0.0 -1.0 2.0 1.0 -2.0 3.0 -2.0 3.0 3.0 3.0 0.0 -4.0 0.0 0.0 -2.0 -2.0 0.0 0.0
-1.0 -2.0 6.0 2.0 -4.0 4.0 -2.0 0.0 -13.0 13.0 10.0 -8.0 -1.0 1.0 -20.0 47.0 30.0 9.0 7.0 58.0 -24.0 -71.0 -114.0 -185.0 279.0 575.0 -2417.0 156.0 -1871.0 -1882.0 0.0 -59958.0 10154.0 -519.0 -104.0 372.0 221.0 -48.0 -178.0 87.0 -108.0 45.0 66.0 -30.0 -19.0 17.0 -10.0 14.0 13.0 -5.0 -5.0 -6.0 12.0 1.0 4.0 14.0 -4.0 -10.0 6.0 -3.0 -9.0 -3.0 -1.0 -3.0 1.0 6.0 1.0 4.0 -2.0 3.0 5.0 3.0 1.0 1.0 -1.0 0.0 2.0 -2.0 -3.0 2.0 -1.0 -2.0 2.0 0.0 4.0 1.0 4.0 -1.0 2.0 1.0 -1.0 7.0 2.0 0.0 -4.0 -7.0 2.0 -5.0 -1.0 1.0
-6.0 0.0 9.0 0.0 8.0 6.0 0.0 0.0 0.0 1.0 -18.0 -4.0 1.0 31.0 -14.0 -5.0 -8.0 -5.0 34.0 -23.0 22.0 70.0 96.0 4.0 149.0 -412.0 -1310.0 681.0 246.0 -4269.0 -59958.0 0.0 113172.0 -1005.0 2748.0 199.0 -250.0 -350.0 189.0 56.0 52.0 26.0 -76.0 3.0 50.0 -24.0 -37.0 7.0 6.0 -8.0 -7.0 -10.0 15.0 -3.0 -7.0 11.0 -5.0 2.0 2.0 -1.0 1.0 -3.0 -2.0 -6.0 3.0 3.0 2.0 5.0 -1.0 1.0 4.0 -2.0 1.0 2.0 -1.0 0.0 1.0 2.0 -3.0 0.0 1.0 1.0 -2.0 -2.0 2.0 0.0 -1.0 5.0 2.0 -2.0 -2.0 2.0 -2.0 2.0 2.0 2.0 -7.0 -1.0 -6.0 2.0
-2.0 -3.0 -1.0 -5.0 -5.0 5.0 0.0 0.0 -9.0 4.0 -4.0 -10.0 -5.0 19.0 3.0 2.0 16.0 17.0 37.0 -97.0 -81.0 14.0 -80.0 -22.0 77.0 -252.0 414.0 514.0 -1400.0 1567.0 10154.0 113172.0 0.0 48610.0 1981.0 3036.0 -718.0 -1019.0 113.0 112.0 -105.0 -26.0 50.0 81.0 -20.0 -6.0 -10.0 -37.0 -4.0 -18.0 21.0 -7.0 14.0 11.0 5.0 6.0 3.0 -5.0 -7.0 -5.0 8.0 6.0 7.0 9.0 1.0 0.0 -7.0 -1.0 0.0 -1.0 0.0 0.0 3.0 0.0 1.0 -1.0 1.0 2.0 -1.0 -1.0 0.0 -1.0 1.0 -1.0 -5.0 -1.0 0.0 2.0 -2.0 4.0 -3.0 -2.0 -5.0 1.0 -1.0 1.0 -4.0 0.0 7.0 -5.0
2.0 -2.0 7.0 -5.0 0.0 2.0 -1.0 0.0 6.0 13.0 -8.0 -4.0 -10.0 -1.0 5.0 -6.0 -7.0 -2.0 29.0 26.0 29.0 -43.0 73.0 -132.0 36.0 128.0 71.0 11.0 -117.0 317.0 -519.0 -1005.0 48610.0 0.0 -24980.0 10596.0 4839.0 963.0 731.0 52.0 -55.0 -280.0 -59.0 126.0 18.0 -12.0 7.0 -9.0 45.0 -21.0 -9.0 -10.0 -1.0 8.0 7.0 3.0 7.0 7.0 6.0 -6.0 4.0 0.0 -3.0 2.0 5.0 5.0 1.0 -5.0 -6.0 2.0 0.0 1.0 1.0 0.0 4.0 -1.0 0.0 -1.0 -3.0 0.0 -2.0 -2.0 -1.0 0.0 0.0 -4.0 -2.0 2.0 -2.0 1.0 -2.0 1.0 -1.0 0.0 2.0 -1.0 -4.0 1.0 1.0 -1.0
4.0 -5.0 1.0 7.0 6.0 4.0 3.0 4.0 -4.0 -1.0 -12.0 1.0 2.0 -3.0 13.0 -12.0 -16.0 3.0 -3.0 27.0 9.0 29.0 -51.0 103.0 -98.0 -70.0 10.0 -329.0 29.0 -630.0 -104.0 2748.0 1981.0 -24980.0 0.0 43496.0 -4269.0 3860.0 1408.0 119.0 39.0 124.0 123.0 28.0 -13.0 -51.0 -92.0 30.0 16.0 18.0 -19.0 3.0 23.0 3.0 -7.0 -4.0 -6.0 -8.0 -4.0 -9.0 -9.0 6.0 -4.0 4.0 9.0 -5.0 0.0 -1.0 -1.0 3.0 5.0 -3.0 -4.0 3.0 -2.0 -4.0 -1.0 3.0 -1.0 1.0 1.0 0.0 0.0 3.0 0.0 1.0 0.0 -1.0 3.0 -2.0 -3.0 2.0 -1.0 2.0 3.0 -3.0 -1.0 -1.0 0.0 -7.0
2.0 0.0 3.0 3.0 4.0 -3.0 -2.0 -8.0 6.0 1.0 12.0 2.0 -7.0 -12.0 16.0 -21.0 -3.0 -3.0 34.0 -7.0 -3.0 -29.0 13.0 20.0 -42.0 -143.0 126.0 -10.0 -357.0 431.0 372.0 199.0 3036.0 10596.0 43496.0 0.0 -53218.0 11199.0 -2018.0 145.0 -423.0 233.0 -102.0 177.0 -188.0 152.0 95.0 68.0 21.0 12.0 -3.0 4.0 -36.0 22.0 10.0 1.0 -3.0 2.0 -3.0 0.0 7.0 8.0 -1.0 -3.0 4.0 -5.0 0.0 0.0 2.0 4.0 -3.0 -2.0 1.0 -1.0 -3.0 -2.0 -1.0 -3.0 0.0 1.0 1.0 7.0 1.0 -1.0 1.0 -1.0 2.0 -1.0 2.0 3.0 -2.0 3.0 3.0 -1.0 0.0 3.0 0.0 2.0 -1.0 -1.0
3.0 -1.0 0.0 -6.0 -1.0 -3.0 0.0 -3.0 0.0 -5.0 5.0 3.0 13.0 11.0 14.0 4.0 7.0 -25.0 3.0 2.0 -29.0 -10.0 19.0 53.0 -13.0 36.0 -2.0 84.0 -1.0 -96.0 221.0 -250.0 -718.0 4839.0 -4269.0 -53218.0 0.0 -46188.0 5458.0 3426.0 479.0 -947.0 -230.0 -23.0 -114.0 53.0 69.0 -22.0 -9.0 -50.0 27.0 12.0 -10.0 -14.0 15.0 -8.0 3.0 4.0 2.0 -2.0 13.0 -6.0 -7.0 -1.0 1.0 3.0 -2.0 -6.0 -3.0 1.0 0.0 0.0 1.0 0.0 2.0 -1.0 -2.0 0.0 -1.0 2.0 2.0 -2.0 1.0 -3.0 1.0 1.0 0.0 -2.0 2.0 1.0 -2.0 -2.0 5.0 0.0 3.0 1.0 -1.0 1.0 0.0 4.0
0.0 1.0 0.0 5.0 -2.0 3.0 2.0 2.0 -9.0 -5.0 3.0 3.0 -7.0 -9.0 9.0 -8.0 -16.0 -3.0 -30.0 11.0 -12.0 10.0 24.0 23.0 0.0 -51.0 62.0 87.0 1.0 311.0 -48.0 -350.0 -1019.0 963.0 3860.0 11199.0 -46188.0 0.0 8092.0 10859.0 1235.0 -871.0 376.0 631.0 40.0 -3.0 5.0 48.0 91.0 -60.0 -45.0 13.0 5.0 10.0 0.0 8.0 4.0 -6.0 5.0 9.0 -1.0 -7.0 -3.0 -4.0 -4.0 -3.0 -4.0 3.0 3.0 -8.0 -2.0 4.0 1.0 -3.0 -1.0 5.0 -3.0 0.0 1.0 -1.0 4.0 0.0 -1.0 -1.0 3.0 3.0 -1.0 3.0 1.0 2.0 3.0 0.0 -5.0 1.0 1.0 3.0 0.0 3.0 4.0 1.0
-6.0 -3.0 1.0 3.0 1.0 0.0 -3.0 2.0 5.0 7.0 3.0 -3.0 0.0 3.0 -3.0 -4.0 8.0 -7.0 4.0 -12.0 -3.0 -10.0 16.0 -5.0 31.0 -75.0 -33.0 -7.0 -46.0 -73.0 -178.0 189.0 113.0 731.0 1408.0 -2018.0 5458.0 8092.0 0.0 -154127.0 5879.0 1003.0 -89.0 -521.0 -218.0 -84.0 14.0 112.0 90.0 -58.0 -20.0 67.0 -17.0 -10.0 9.0 2.0 -18.0 -5.0 4.0 -4.0 -18.0 1.0 4.0 -4.0 -4.0 0.0 -7.0 1.0 7.0 1.0 -4.0 0.0 0.0 -1.0 0.0 -3.0 2.0 0.0 -2.0 0.0 1.0 2.0 1.0 0.0 2.0 -1.0 0.0 1.0 -3.0 1.0 -4.0 -1.0 -3.0 2.0 3.0 0.0 -2.0 2.0 0.0 -2.0
0.0 2.0 -3.0 4.0 1.0 2.0 -4.0 2.0 4.0 2.0 -6.0 -2.0 6.0 -1.0 1.0 -1.0 2.0 1.0 -14.0 -11.0 -4.0 -31.0 40.0 -17.0 -38.0 47.0 -6.0 15.0 -67.0 138.0 87.0 56.0 112.0 52.0 119.0 145.0 3426.0 10859.0 -154127.0 0.0 677.0 -7241.0 7689.0 -823.0 -23.0 300.0 30.0 -61.0 -259.0 18.0 -137.0 10.0 -15.0 -25.0 7.0 -12.0 11.0 5.0 30.0 -10.0 18.0 -10.0 12.0 7.0 -1.0 1.0 2.0 11.0 3.0 1.0 -2.0 -3.0 -7.0 7.0 -6.0 7.0 0.0 4.0 -4.0 -5.0 -3.0 1.0 1.0 -1.0 -2.0 -2.0 -3.0 -1.0 -3.0 2.0 -1.0 4.0 -2.0 1.0 2.0 0.0 -4.0 -1.0 -3.0 3.0
-1.0 3.0 -2.0 1.0 -3.0 4.0 1.0 1.0 -7.0 -2.0 6.0 1.0 -2.0 8.0 10.0 -5.0 11.0 1.0 2.0 -9.0 -9.0 9.0 -15.0 -27.0 -12.0 -2.0 47.0 17.0 -64.0 12.0 -108.0 52.0 -105.0 -55.0 39.0 -423.0 479.0 1235.0 5879.0 677.0 0.0 38849.0 -3106.0 1864.0 -620.0 53.0 -34.0 -86.0 57.0 108.0 14.0 -61.0 -7.0 8.0 -30.0 -20.0 -1.0 5.0 6.0 -6.0 3.0 -18.0 2.0 -11.0 -11.0 -11.0 9.0 1.0 -8.0 -1.0 5.0 -1.0 5.0 6.0 0.0 4.0 2.0 -1.0 4.0 0.0 2.0 -3.0 -1.0 3.0 -1.0 1.0 0.0 2.0 0.0 -1.0 2.0 4.0 0.0 1.0 0.0 -1.0 -2.0 -1.0 3.0 -4.0
1.0 -1.0 -6.0 0.0 1.0 -2.0 7.0 -3.0 -4.0 5.0 7.0 -5.0 -2.0 -5.0 2.0 -16.0 5.0 3.0 1.0 -5.0 11.0 -7.0 11.0 13.0 -29.0 -40.0 -33.0 -42.0 -44.0 31.0 45.0 26.0 -26.0 -280.0 124.0 233.0 -947.0 -871.0 1003.0 -7241.0 38849.0 0.0 -11032.0 3020.0 822.0 -277.0 119.0 116.0 129.0 -24.0 -81.0 -153.0 27.0 1.0 -37.0 13.0 14.0 35.0 -17.0 -1.0 6.0 5.0 -17.0 -9.0 -7.0 16.0 -1.0 8.0 0.0 5.0 -4.0 -2.0 0.0 -3.0 -1.0 0.0 -2.0 0.0 2.0 -6.0 0.0 2.0 -2.0 -3.0 0.0 2.0 0.0 2.0 2.0 0.0 2.0 0.0 1.0 4.0 2.0 2.0 5.0 4.0 2.0 0.0
-2.0 -1.0 -1.0 3.0 -1.0 2.0 4.0 0.0 -1.0 0.0 -7.0 1.0 -2.0 1.0 -1.0 -2.0 7.0 2.0 -16.0 -12.0 -1.0 -2.0 -7.0 -18.0 12.0 24.0 -25.0 4.0 18.0 -39.0 66.0 -76.0 50.0 -59.0 123.0 -102.0 -230.0 376.0 -89.0 7689.0 -3106.0 -11032.0 0.0 14853.0 -16342.0 -4708.0 -1888.0 -534.0 311.0 10.0 -271.0 10.0 -33.0 -143.0 13.0 -40.0 7.0 0.0 6.0 -31.0 -21.0 9.0 -12.0 -10.0 8.0 4.0 -8.0 -6.0 -15.0 -11.0 -3.0 2.0 -1.0 -5.0 -5.0 9.0 4.0 8.0 -3.0 -6.0 -3.0 5.0 -1.0 0.0 -3.0 -1.0 -3.0 0.0 0.0 -1.0 -1.0 0.0 -3.0 0.0 0.0 -1.0 0.0 -4.0 1.0 -4.0
-1.0 -2.0 -1.0 -1.0 5.0 1.0 1.0 -2.0 -6.0 -1.0 -2.0 -3.0 -4.0 -1.0 1.0 -3.0 11.0 -2.0 7.0 5.0 10.0 -5.0 -19.0 -3.0 -31.0 -12.0 14.0 -15.0 -9.0 -7.0 -30.0 3.0 81.0 126.0 28.0 177.0 -23.0 631.0 -521.0 -823.0 1864.0 3020.0 14853.0 0.0 -6857.0 -5736.0 2848.0 794.0 227.0 57.0 173.0 122.0 134.0 79.0 -63.0 42.0 -54.0 30.0 -14.0 7.0 2.0 3.0 30.0 -15.0 10.0 -11.0 7.0 6.0 4.0 0.0 -12.0 -4.0 6.0 1.0 6.0 10.0 2.0 3.0 -1.0 1.0 3.0 1.0 3.0 0.0 0.0 -1.0 1.0 1.0 5.0 -2.0 0.0 -2.0 5.0 1.0 5.0 6.0 -1.0 1.0 0.0 -2.0
0.0 1.0 0.0 -2.0 1.0 4.0 2.0 -4.0 1.0 -5.0 0.0 -4.0 2.0 6.0 -4.0 0.0 -1.0 2.0 -5.0 -5.0 -5.0 7.0 -3.0 2.0 6.0 1.0 -5.0 28.0 36.0 -10.0 -19.0 50.0 -20.0 18.0 -13.0 -188.0 -114.0 40.0 -218.0 -23.0 -620.0 822.0 -16342.0 -6857.0 0.0 63002.0 -1338.0 321.0 -326.0 1151.0 58.0 356.0 138.0 129.0 -54.0 110.0 44.0 14.0 24.0 18.0 24.0 28.0 24.0 17.0 -4.0 2.0 2.0 -3.0 -5.0 -3.0 -3.0 5.0 2.0 -3.0 4.0 -3.0 1.0 3.0 1.0 1.0 -1.0 -2.0 4.0 -1.0 3.0 1.0 4.0 1.0 2.0 -2.0 3.0 -2.0 -1.0 0.0 1.0 0.0 2.0 3.0 2.0 -2.0
0.0 -5.0 2.0 1.0 -2.0 1.0 0.0 0.0 1.0 2.0 3.0 -2.0 5.0 5.0 -1.0 -6.0 6.0 3.0 -2.0 -7.0 0.0 3.0 13.0 -2.0 11.0 -14.0 -3.0 -16.0 4.0 -14.0 17.0 -24.0 -6.0 -12.0 -51.0 152.0 53.0 -3.0 -84.0 300.0 53.0 -277.0 -4708.0 -5736.0 63002.0 0.0 -32151.0 -5085.0 -5354.0 1681.0 198.0 31.0 -198.0 97.0 61.0 10.0 23.0 -79.0 -26.0 -23.0 18.0 2.0 25.0 -15.0 1.0 9.0 0.0 -5.0 -14.0 -2.0 1.0 -10.0 1.0 -3.0 2.0 9.0 -5.0 -5.0 0.0 -6.0 6.0 2.0 6.0 -4.0 3.0 0.0 -2.0 1.0 -1.0 -1.0 -4.0 -1.0 1.0 -1.0 -3.0 1.0 2.0 3.0 4.0 -1.0
-2.0 2.0 2.0 -4.0 0.0 -3.0 -1.0 4.0 -2.0 -1.0 3.0 2.0 -4.0 2.0 -4.0 -1.0 -5.0 9.0 3.0 2.0 -3.0 -13.0 -2.0 6.0 -13.0 -10.0 11.0 -1.0 29.0 4.0 -10.0 -37.0 -10.0 7.0 -92.0 95.0 69.0 5.0 14.0 30.0 -34.0 119.0 -1888.0 2848.0 -1338.0 -32151.0 0.0 -43940.0 3567.0 -3808.0 64.0 -383.0 -187.0 266.0 -287.0 116.0 69.0 -53.0 -42.0 9.0 -22.0 -34.0 6.0 15.0 24.0 10.0 4.0 -5.0 -14.0 -4.0 0.0 -5.0 -1.0 3.0 5.0 -10.0 1.0 2.0 -5.0 -6.0 -3.0 -3.0 -3.0 -2.0 -2.0 2.0 -2.0 -3.0 0.0 -5.0 -1.0 -1.0 1.0 -1.0 1.0 1.0 -1.0 -1.0 2.0 0.0
-2.0 0.0 -2.0 3.0 -1.0 -2.0 -1.0 -4.0 0.0 3.0 -1.0 1.0 3.0 3.0 6.0 0.0 6.0 -6.0 1.0 9.0 -7.0 -4.0 -3.0 5.0 9.0 -11.0 1.0 -6.0 6.0 1.0 14.0 7.0 -37.0 -9.0 30.0 68.0 -22.0 48.0 112.0 -61.0 -86.0 116.0 -534.0 794.0 321.0 -5085.0 -43940.0 0.0 -47588.0 -12057.0 3103.0 188.0 -151.0 -262.0 -129.0 -12.0 -103.0 -9.0 52.0 -9.0 -37.0 -5.0 13.0 14.0 18.0 11.0 -8.0 6.0 -2.0 4.0 5.0 5.0 1.0 8.0 0.0 -3.0 -2.0 5.0 0.0 -9.0 -5.0 -8.0 1.0 0.0 2.0 0.0 0.0 0.0 0.0 1.0 6.0 0.0 5.0 -1.0 4.0 -1.0 -4.0 1.0 1.0 -1.0
3.0 0.0 4.0 -2.0 0.0 0.0 3.0 -2.0 0.0 -3.0 0.0 -1.0 3.0 3.0 3.0 1.0 3.0 6.0 5.0 0.0 -1.0 0.0 7.0 -13.0 -11.0 -8.0 8.0 16.0 -4.0 2.0 13.0 6.0 -4.0 45.0 16.0 21.0 -9.0 91.0 90.0 -259.0 57.0 129.0 311.0 227.0 -326.0 -5354.0 3567.0 -47588.0 0.0 47480.0 3663.0 -3901.0 -568.0 -446.0 94.0 141.0 34.0 -89.0 -24.0 -31.0 -19.0 16.0 -6.0 2.0 -36.0 5.0 -1.0 15.0 4.0 -8.0 0.0 5.0 -13.0 0.0 0.0 6.0 -1.0 -3.0 2.0 -4.0 4.0 2.0 0.0 -6.0 -1.0 2.0 2.0 1.0 0.0 2.0 2.0 -1.0 -1.0 3.0 -1.0 0.0 -1.0 -1.0 -2.0 0.0
-1.0 3.0 2.0 1.0 4.0 1.0 2.0 3.0 3.0 -4.0 2.0 -2.0 -3.0 -3.0 -2.0 -6.0 -2.0 -3.0 1.0 3.0 4.0 -8.0 0.0 4.0 7.0 6.0 -13.0 0.0 3.0 -4.0 -5.0 -8.0 -18.0 -21.0 18.0 12.0 -50.0 -60.0 -58.0 18.0 108.0 -24.0 10.0 57.0 1151.0 1681.0 -3808.0 -12057.0 47480.0 0.0 -5281.0 -10019.0 147.0 -1075.0 294.0 18.0 151.0 192.0 25.0 4.0 34.0 -65.0 34.0 8.0 -11.0 13.0 9.0 17.0 16.0 -2.0 18.0 4.0 -5.0 4.0 6.0 3.0 -2.0 -5.0 -8.0 6.0 1.0 1.0 0.0 3.0 4.0 4.0 -1.0 -5.0 -2.0 -2.0 -2.0 -1.0 1.0 0.0 1.0 -4.0 2.0 2.0 3.0 0.0
0.0 0.0 1.0 -1.0 2.0 2.0 3.0 0.0 -1.0 -5.0 -1.0 -2.0 -1.0 0.0 -3.0 -5.0 4.0 -1.0 5.0 -7.0 5.0 1.0 -4.0 -4.0 -3.0 -6.0 -13.0 15.0 15.0 9.0 -5.0 -7.0 21.0 -9.0 -19.0 -3.0 27.0 -45.0 -20.0 -137.0 14.0 -81.0 -271.0 173.0 58.0 198.0 64.0 3103.0 3663.0 -5281.0 0.0 172355.0 -6263.0 106.0 -889.0 143.0 -415.0 129.0 -185.0 40.0 53.0 -19.0 4.0 -24.0 10.0 30.0 18.0 -23.0 6.0 0.0 -4.0 -7.0 -1.0 2.0 4.0 -2.0 0.0 4.0 6.0 4.0 4.0 2.0 1.0 -1.0 3.0 -1.0 -3.0 -1.0 -1.0 -1.0 -6.0 -3.0 -1.0 -1.0 0.0 3.0 -1.0 -2.0 2.0 -1.0
-2.0 -1.0 -2.0 5.0 0.0 -2.0 0.0 -1.0 2.0 -1.0 -1.0 0.0 0.0 0.0 3.0 5.0 4.0 -4.0 -1.0 -4.0 4.0 -8.0 -4.0 5.0 -6.0 2.0 7.0 2.0 4.0 1.0 -6.0 -10.0 -7.0 -10.0 3.0 4.0 12.0 13.0 67.0 10.0 -61.0 -153.0 10.0 122.0 356.0 31.0 -383.0 188.0 -3901.0 -10019.0 172355.0 0.0 -12888.0 -7549.0 -1591.0 -899.0 -232.0 389.0 -126.0 312.0 -301.0 -12.0 25.0 20.0 11.0 -15.0 11.0 9.0 7.0 14.0 -1.0 -3.0 5.0 -10.0 11.0 -8.0 -3.0 -2.0 -5.0 0.0 1.0 -3.0 1.0 4.0 8.0 -1.0 -1.0 -1.0 -4.0 0.0 2.0 5.0 4.0 -2.0 3.0 2.0 1.0 0.0 0.0 1.0
-1.0 1.0 0.0 1.0 0.0 -1.0 -2.0 2.0 2.0 -1.0 0.0 1.0 -4.0 0.0 -3.0 -1.0 -2.0 -5.0 -4.0 4.0 -1.0 -1.0 5.0 1.0 -10.0 -1.0 7.0 -1.0 -5.0 -1.0 12.0 15.0 14.0 -1.0 23.0 -36.0 -10.0 5.0 -17.0 -15.0 -7.0 27.0 -33.0 134.0 138.0 -198.0 -187.0 -151.0 -568.0 147.0 -6263.0 -12888.0 0.0 79147.0 -1808.0 2206.0 -1477.0 1124.0 -343.0 250.0 71.0 -6.0 106.0 -27.0 -74.0 22.0 -19.0 15.0 -14.0 1.0 -9.0 -20.0 15.0 -10.0 7.0 -12.0 -3.0 0.0 -2.0 3.0 -4.0 -1.0 2.0 8.0 2.0 -7.0 -2.0 -1.0 -1.0 2.0 4.0 0.0 5.0 1.0 0.0 1.0 1.0 -2.0 -2.0 -2.0
3.0 -1.0 0.0 -2.0 0.0 -1.0 3.0 7.0 3.0 2.0 -5.0 -6.0 3.0 -4.0 3.0 1.0 4.0 3.0 -1.0 0.0 3.0 -1.0 -1.0 5.0 4.0 2.0 5.0 5.0 -3.0 2.0 1.0 -3.0 11.0 8.0 3.0 22.0 -14.0 10.0 -10.0 -25.0 8.0 1.0 -143.0 79.0 129.0 97.0 266.0 -262.0 -446.0 -1075.0 106.0 -7549.0 79147.0 0.0 -25691.0 -15482.0 -896.0 -1871.0 399.0 2.0 -124.0 -68.0 -111.0 -10.0 -17.0 -3.0 -17.0 27.0 35.0 61.0 -12.0 21.0 8.0 -12.0 -11.0 7.0 9.0 -2.0 4.0 -9.0 -4.0 4.0 1.0 2.0 1.0 2.0 0.0 4.0 -5.0 1.0 0.0 -3.0 1.0 1.0 -2.0 1.0 -3.0 2.0 -1.0 6.0
-1.0 1.0 2.0 -3.0 -1.0 5.0 -1.0 4.0 3.0 3.0 -1.0 -2.0 -2.0 1.0 -1.0 5.0 3.0 -2.0 0.0 -1.0 4.0 -3.0 2.0 4.0 3.0 7.0 3.0 -6.0 -4.0 1.0 4.0 -7.0 5.0 7.0 -7.0 10.0 15.0 0.0 9.0 7.0 -30.0 -37.0 13.0 -63.0 -54.0 61.0 -287.0 -129.0 94.0 294.0 -889.0 -1591.0 -1808.0 -25691.0 0.0 -5146.0 -6108.0 123.0 423.0 -832.0 463.0 37.0 -293.0 -67.0 25.0 47.0 -82.0 -55.0 42.0 28.0 -16.0 15.0 -6.0 16.0 0.0 -8.0 -8.0 -1.0 2.0 2.0 -7.0 -9.0 -1.0 -2.0 -1.0 -2.0 2.0 1.0 2.0 -1.0 -7.0 1.0 0.0 -1.0 0.0 0.0 4.0 0.0 3.0 -3.0
0.0 1.0 2.0 -1.0 0.0 1.0 0.0 -2.0 1.0 1.0 -1.0 4.0 1.0 0.0 -3.0 -3.0 -1.0 -2.0 0.0 -2.0 -6.0 -1.0 4.0 0.0 1.0 3.0 -1.0 8.0 8.0 7.0 14.0 11.0 6.0 3.0 -4.0 1.0 -8.0 8.0 2.0 -12.0 -20.0 13.0 -40.0 42.0 110.0 10.0 116.0 -12.0 141.0 18.0 143.0 -899.0 2206.0 -15482.0 -5146.0 0.0 -199327.0 -23695.0 -3501.0 -146.0 -1038.0 169.0 -361.0 186.0 19.0 -4.0 -116.0 67.0 19.0 -6.0 -4.0 -35.0 14.0 2.0 -3.0 11.0 -5.0 -7.0 18.0 -8.0 1.0 -4.0 -1.0 6.0 0.0 -3.0 0.0 -2.0 -6.0 -2.0 -4.0 -2.0 -1.0 -7.0 -1.0 -3.0 -4.0 2.0 2.0 -3.0
0.0 3.0 1.0 0.0 -1.0 1.0 2.0 3.0 -1.0 6.0 4.0 1.0 3.0 4.0 -3.0 1.0 2.0 0.0 8.0 0.0 4.0 0.0 6.0 4.0 0.0 2.0 3.0 -1.0 -8.0 0.0 -4.0 -5.0 3.0 7.0 -6.0 -3.0 3.0 4.0 -18.0 11.0 -1.0 14.0 7.0 -54.0 44.0 23.0 69.0 -103.0 34.0 151.0 -415.0 -232.0 -1477.0 -896.0 -6108.0 -199327.0 0.0 61186.0 7927.0 -495.0 -672.0 235.0 -299.0 79.0 91.0 -192.0 -89.0 -9.0 -2.0 42.0 -39.0 -22.0 11.0 27.0 -10.0 25.0 -12.0 2.0 3.0 3.0 0.0 -1.0 -4.0 5.0 -2.0 0.0 2.0 -2.0 2.0 -3.0 -1.0 -2.0 3.0 -6.0 1.0 -1.0 3.0 0.0 2.0 4.0
0.0 -5.0 2.0 2.0 -3.0 0.0 6.0 2.0 3.0 -2.0 1.0 -2.0 -3.0 -4.0 -1.0 3.0 1.0 0.0 -1.0 -1.0 2.0 1.0 4.0 2.0 1.0 3.0 8.0 1.0 7.0 4.0 -10.0 2.0 -5.0 7.0 -8.0 2.0 4.0 -6.0 -5.0 5.0 5.0 35.0 0.0 30.0 14.0 -79.0 -53.0 -9.0 -89.0 192.0 129.0 389.0 1124.0 -1871.0 123.0 -23695.0 61186.0 0.0 -53811.0 -2886.0 -1411.0 1173.0 -630.0 258.0 -20.0 35.0 44.0 47.0 10.0 -49.0 -4.0 13.0 2.0 -17.0 -29.0 -6.0 1.0 -5.0 -4.0 -2.0 -8.0 -2.0 -4.0 4.0 0.0 -9.0 0.0 2.0 0.0 0.0 4.0 -3.0 -1.0 2.0 -3.0 -5.0 -1.0 1.0 2.0 0.0
3.0 0.0 0.0 4.0 -3.0 0.0 1.0 -3.0 2.0 0.0 2.0 -1.0 2.0 1.0 -3.0 1.0 3.0 0.0 6.0 -2.0 1.0 -1.0 1.0 -4.0 -6.0 -4.0 3.0 -2.0 4.0 3.0 6.0 2.0 -7.0 6.0 -4.0 -3.0 2.0 5.0 4.0 30.0 6.0 -17.0 6.0 -14.0 24.0 -26.0 -42.0 52.0 -24.0 25.0 -185.0 -126.0 -343.0 399.0 423.0 -3501.0 7927.0 -53811.0 0.0 -5966.0 5906.0 4141.0 1025.0 520.0 120.0 42.0 -133.0 -74.0 -77.0 -51.0 26.0 -19.0 -6.0 51.0 -13.0 39.0 11.0 -9.0 0.0 4.0 2.0 -10.0 0.0 1.0 2.0 -2.0 -5.0 7.0 1.0 4.0 -1.0 6.0 7.0 -3.0 -3.0 -4.0 1.0 6.0 -2.0 -4.0
2.0 2.0 1.0 -1.0 1.0 -1.0 -1.0 1.0 2.0 -4.0 -1.0 2.0 0.0 -1.0 -1.0 5.0 -1.0 5.0 -1.0 0.0 0.0 -3.0 -1.0 -1.0 -3.0 2.0 -1.0 0.0 2.0 5.0 -3.0 -1.0 -5.0 -6.0 -9.0 0.0 -2.0 9.0 -4.0 -10.0 -6.0 -1.0 -31.0 7.0 18.0 -23.0 9.0 -9.0 -31.0 4.0 40.0 312.0 250.0 2.0 -832.0 -146.0 -495.0 -2886.0 -5966.0 0.0 14832.0 -8005.0 -2445.0 57.0 -99.0 -173.0 -28.0 290.0 -51.0 -95.0 -54.0 4.0 -59.0 -37.0 -26.0 29.0 21.0 15.0 11.0 -37.0 -1.0 18.0 14.0 3.0 -7.0 8.0 -4.0 -4.0 -2.0 4.0 4.0 6.0 6.0 0.0 -1.0 -3.0 -2.0 2.0 -1.0 -3.0
1.0 2.0 1.0 3.0 3.0 -1.0 3.0 -1.0 -2.0 -2.0 -2.0 -1.0 -2.0 -1.0 -2.0 -2.0 -2.0 -1.0 1.0 -3.0 -1.0 -3.0 -5.0 4.0 -4.0 -3.0 -3.0 -2.0 0.0 -18.0 -9.0 1.0 8.0 4.0 -9.0 7.0 13.0 -1.0 -18.0 18.0 3.0 6.0 -21.0 2.0 24.0 18.0 -22.0 -37.0 -19.0 34.0 53.0 -301.0 71.0 -124.0 463.0 -1038.0 -672.0 -1411.0 5906.0 14832.0 0.0 -92034.0 -6879.0 -645.0 -1010.0 806.0 80.0 -4.0 -51.0 -148.0 8.0 -24.0 10.0 -25.0 18.0 -34.0 -20.0 -8.0 -5.0 -1.0 2.0 7.0 -10.0 2.0 -3.0 -3.0 5.0 -3.0 -6.0 3.0 5.0 -11.0 6.0 1.0 3.0 -4.0 -1.0 1.0 0.0 2.0
4.0 3.0 4.0 4.0 6.0 2.0 2.0 2.0 -1.0 0.0 -3.0 0.0 4.0 0.0 -2.0 0.0 3.0 1.0 3.0 3.0 1.0 0.0 -5.0 -3.0 -3.0 0.0 -5.0 4.0 1.0 -5.0 -3.0 -3.0 6.0 0.0 6.0 8.0 -6.0 -7.0 1.0 -10.0 -18.0 5.0 9.0 3.0 28.0 2.0 -34.0 -5.0 16.0 -65.0 -19.0 -12.0 -6.0 -68.0 37.0 169.0 235.0 1173.0 4141.0 -8005.0 -92034.0 0.0 60266.0 -2058.0 -60.0 1980.0 847.0 -58.0 -293.0 135.0 5.0 7.0 -3.0 -21.0 -4.0 14.0 -28.0 -6.0 -4.0 8.0 -1.0 7.0 -9.0 -13.0 0.0 -2.0 4.0 2.0 -2.0 3.0 -9.0 4.0 5.0 -6.0 5.0 5.0 -1.0 3.0 -6.0 0.0
0.0 1.0 3.0 2.0 1.0 0.0 1.0 5.0 -3.0 2.0 -2.0 -4.0 1.0 1.0 -2.0 -3.0 -1.0 2.0 0.0 0.0 -4.0 -4.0 2.0 3.0 2.0 6.0 0.0 1.0 3.0 2.0 -1.0 -2.0 7.0 -3.0 -4.0 -1.0 -7.0 -3.0 4.0 12.0 2.0 -17.0 -12.0 30.0 24.0 25.0 6.0 13.0 -6.0 34.0 4.0 25.0 106.0 -111.0 -293.0 -361.0 -299.0 -630.0 1025.0 -2445.0 -6879.0 60266.0 0.0 -24882.0 15307.0 -1485.0 -892.0 448.0 73.0 -115.0 64.0 -23.0 33.0 -26.0 61.0 4.0 25.0 16.0 -26.0 19.0 -5.0 -5.0 -8.0 -12.0 3.0 -2.0 -8.0 4.0 0.0 9.0 0.0 2.0 -6.0 -5.0 0.0 9.0 2.0 1.0 -2.0 4.0
4.0 0.0 5.0 -1.0 1.0 -6.0 -1.0 -1.0 0.0 -2.0 -1.0 -4.0 1.0 0.0 2.0 3.0 0.0 1.0 -1.0 1.0 2.0 1.0 1.0 -3.0 2.0 1.0 0.0 0.0 -4.0 -4.0 -3.0 -6.0 9.0 2.0 4.0 -3.0 -1.0 -4.0 -4.0 7.0 -11.0 -9.0 -10.0 -15.0 17.0 -15.0 15.0 14.0 2.0 8.0 -24.0 20.0 -27.0 -10.0 -67.0 186.0 79.0 258.0 520.0 57.0 -645.0 -2058.0 -24882.0 0.0 97335.0 12473.0 -1368.0 492.0 -89.0 228.0 -177.0 -17.0 -46.0 2.0 -18.0 -5.0 -3.0 30.0 10.0 -9.0 13.0 -7.0 -19.0 11.0 4.0 0.0 -1.0 0.0 -4.0 -5.0 -1.0 3.0 9.0 1.0 0.0 -2.0 0.0 5.0 -2.0 4.0
0.0 2.0 1.0 1.0 -1.0 -7.0 -1.0 5.0 -1.0 0.0 0.0 0.0 -2.0 1.0 0.0 -1.0 4.0 0.0 -2.0 0.0 -2.0 4.0 0.0 -1.0 4.0 -2.0 -2.0 -2.0 0.0 5.0 1.0 3.0 1.0 5.0 9.0 4.0 1.0 -4.0 -4.0 -1.0 -11.0 -7.0 8.0 10.0 -4.0 1.0 24.0 18.0 -36.0 -11.0 10.0 11.0 -74.0 -17.0 25.0 19.0 91.0 -20.0 120.0 -99.0 -1010.0 -60.0 15307.0 97335.0 0.0 -71738.0 -259.0 -4.0 -523.0 148.0 197.0 77.0 -105.0 186.0 46.0 49.0 15.0 48.0 -74.0 23.0 -12.0 19.0 -16.0 -6.0 17.0 4.0 -10.0 -2.0 -14.0 -9.0 3.0 -3.0 -1.0 -7.0 1.0 4.0 -7.0 0.0 5.0 -1.0
4.0 2.0 5.0 1.0 1.0 1.0 0.0 -2.0 0.0 4.0 -1.0 2.0 -1.0 0.0 -2.0 -1.0 -1.0 2.0 -1.0 -1.0 -2.0 -1.0 0.0 -2.0 0.0 -3.0 4.0 -2.0 -5.0 -2.0 6.0 3.0 0.0 5.0 -5.0 -5.0 3.0 -3.0 0.0 1.0 -11.0 16.0 4.0 -11.0 2.0 9.0 10.0 11.0 5.0 13.0 30.0 -15.0 22.0 -3.0 47.0 -4.0 -192.0 35.0 42.0 -173.0 806.0 1980.0 -1485.0 12473.0 -71738.0 0.0 -84828.0 1832.0 -906.0 240.0 299.0 -257.0 46.0 -117.0 98.0 21.0 26.0 33.0 19.0 -64.0 -9.0 18.0 -21.0 -14.0 -1.0 4.0 -19.0 5.0 -1.0 7.0 -14.0 -3.0 4.0 -2.0 0.0 0.0 -4.0 -1.0 -5.0 1.0
3.0 1.0 0.0 -2.0 1.0 3.0 -3.0 -2.0 3.0 -1.0 0.0 1.0 2.0 0.0 4.0 0.0 -1.0 0.0 -1.0 2.0 0.0 -3.0 -1.0 -5.0 2.0 2.0 4.0 -5.0 1.0 0.0 1.0 2.0 -7.0 1.0 0.0 0.0 -2.0 -4.0 -7.0 2.0 9.0 -1.0 -8.0 7.0 2.0 0.0 4.0 -8.0 -1.0 9.0 18.0 11.0 -19.0 -17.0 -82.0 -116.0 -89.0 44.0 -133.0 -28.0 80.0 847.0 -892.0 -1368.0 -259.0 -84828.0 0.0 -8553.0 -6576.0 1838.0 645.0 -637.0 -493.0 -128.0 -64.0 4.0 21.0 -33.0 34.0 -7.0 -39.0 -21.0 -14.0 -27.0 -20.0 -11.0 21.0 22.0 -5.0 14.0 4.0 -7.0 3.0 -7.0 1.0 0.0 1.0 -4.0 -1.0 -1.0
0.0 -1.0 3.0 -6.0 0.0 -1.0 1.0 0.0 2.0 -3.0 -1.0 4.0 0.0 1.0 1.0 2.0 0.0 -2.0 2.0 4.0 -3.0 -3.0 2.0 -2.0 -2.0 0.0 3.0 0.0 1.0 -4.0 4.0 5.0 -1.0 -5.0 -1.0 0.0 -6.0 3.0 1.0 11.0 1.0 8.0 -6.0 6.0 -3.0 -5.0 -5.0 6.0 15.0 17.0 -23.0 9.0 15.0 27.0 -55.0 67.0 -9.0 47.0 -74.0 290.0 -4.0 -58.0 448.0 492.0 -4.0 1832.0 -8553.0 0.0 -50801.0 4302.0 -2286.0 349.0 -44.0 -237.0 -182.0 -4.0 -177.0 95.0 -54.0 3.0 -53.0 20.0 12.0 14.0 14.0 0.0 4.0 -9.0 -8.0 -12.0 -4.0 -3.0 -6.0 12.0 -8.0 3.0 0.0 1.0 0.0 1.0
2.0 1.0 1.0 1.0 -3.0 -1.0 -1.0 5.0 -1.0 -1.0 0.0 1.0 3.0 -1.0 -2.0 -4.0 2.0 4.0 0.0 0.0 3.0 2.0 -1.0 -2.0 -3.0 0.0 2.0 4.0 0.0 -2.0 -2.0 -1.0 0.0 -6.0 -1.0 2.0 -3.0 3.0 7.0 3.0 -8.0 0.0 -15.0 4.0 -5.0 -14.0 -14.0 -2.0 4.0 16.0 6.0 7.0 -14.0 35.0 42.0 19.0 -2.0 10.0 -77.0 -51.0 -51.0 -293.0 73.0 -89.0 -523.0 -906.0 -6576.0 -50801.0 0.0 24362.0 4526.0 -2776.0 -221.0 186.0 -153.0 317.0 -157.0 -48.0 29.0 -49.0 -17.0 -20.0 -25.0 0.0 12.0 11.0 0.0 -6.0 2.0 -9.0 -3.0 -11.0 -4.0 -5.0 17.0 6.0 2.0 1.0 -7.0 -2.0
-1.0 4.0 -4.0 -2.0 1.0 2.0 2.0 1.0 4.0 2.0 3.0 1.0 2.0 1.0 2.0 -2.0 1.0 2.0 -3.0 0.0 -2.0 1.0 3.0 0.0 2.0 -3.0 4.0 2.0 0.0 -4.0 3.0 1.0 -1.0 2.0 3.0 4.0 1.0 -8.0 1.0 1.0 -1.0 5.0 -11.0 0.0 -3.0 -2.0 -4.0 4.0 -8.0 -2.0 0.0 14.0 1.0 61.0 28.0 -6.0 42.0 -49.0 -51.0 -95.0 -148.0 135.0 -115.0 228.0 148.0 240.0 1838.0 4302.0 24362.0 0.0 -95313.0 9946.0 -458.0 -15.0 -685.0 -465.0 199.0 140.0 -128.0 -1.0 -55.0 44.0 21.0 46.0 0.0 -8.0 14.0 11.0 8.0 15.0 14.0 3.0 0.0 -9.0 -10.0 4.0 -1.0 1.0 -3.0 0.0
7.0 3.0 -1.0 2.0 -5.0 3.0 -1.0 -3.0 1.0 -1.0 -3.0 0.0 0.0 1.0 0.0 0.0 -2.0 2.0 1.0 2.0 -3.0 0.0 -1.0 1.0 3.0 0.0 1.0 0.0 -5.0 3.0 5.0 4.0 0.0 0.0 5.0 -3.0 0.0 -2.0 -4.0 -2.0 5.0 -4.0 -3.0 -12.0 -3.0 1.0 0.0 5.0 0.0 18.0 -4.0 -1.0 -9.0 -12.0 -16.0 -4.0 -39.0 -4.0 26.0 -54.0 8.0 5.0 64.0 -177.0 197.0 299.0 645.0 -2286.0 4526.0 -95313.0 0.0 1601.0 4509.0 -1440.0 281.0 451.0 -65.0 70.0 -4.0 63.0 -93.0 1.0 -22.0 39.0 8.0 -9.0 -4.0 0.0 0.0 -25.0 15.0 2.0 -7.0 -4.0 6.0 -10.0 -8.0 7.0 -3.0 -1.0
-2.0 2.0 -2.0 1.0 0.0 -1.0 2.0 4.0 1.0 -2.0 -1.0 5.0 0.0 2.0 2.0 2.0 6.0 -1.0 -6.0 -2.0 1.0 3.0 -2.0 0.0 -3.0 2.0 1.0 2.0 -2.0 1.0 3.0 -2.0 0.0 1.0 -3.0 -2.0 0.0 4.0 0.0 -3.0 -1.0 -2.0 2.0 -4.0 5.0 -10.0 -5.0 5.0 5.0 4.0 -7.0 -3.0 -20.0 21.0 15.0 -35.0 -22.0 13.0 -19.0 4.0 -24.0 7.0 -23.0 -17.0 77.0 -257.0 -637.0 349.0 -2776.0 9946.0 1601.0 0.0 -127276.0 -4028.0 -1722.0 -1030.0 407.0 -600.0 -369.0 207.0 -83.0 -159.0 7.0 -52.0 -11.0 -33.0 41.0 13.0 -3.0 0.0 2.0 3.0 2.0 11.0 3.0 0.0 -2.0 11.0 5.0 -7.0
-6.0 -2.0 11.0 3.0 -4.0 5.0 2.0 3.0 -1.0 -3.0 6.0 -3.0 -3.0 0.0 1.0 -2.0 -4.0 -1.0 2.0 -1.0 2.0 -1.0 0.0 0.0 4.0 0.0 0.0 3.0 -2.0 -2.0 1.0 1.0 3.0 1.0 -4.0 1.0 1.0 1.0 0.0 -7.0 5.0 0.0 -1.0 6.0 2.0 1.0 -1.0 1.0 -13.0 -5.0 -1.0 5.0 15.0 8.0 -6.0 14.0 11.0 2.0 -6.0 -59.0 10.0 -3.0 33.0 -46.0 -105.0 46.0 -493.0 -44.0 -221.0 -458.0 4509.0 -127276.0 0.0 -97770.0 -4840.0 -1460.0 688.0 -1194.0 98.0 -418.0 -207.0 62.0 112.0 -24.0 28.0 16.0 34.0 6.0 3.0 -32.0 -29.0 16.0 -8.0 1.0 10.0 7.0 -12.0 -10.0 5.0 -4.0
-8.0 -7.0 5.0 1.0 7.0 0.0 3.0 -3.0 3.0 -2.0 -6.0 0.0 -1.0 3.0 4.0 1.0 -1.0 2.0 2.0 0.0 3.0 -1.0 2.0 1.0 -1.0 -1.0 -2.0 2.0 -5.0 1.0 1.0 2.0 0.0 0.0 3.0 -1.0 0.0 -3.0 -1.0 7.0 6.0 -3.0 -5.0 1.0 -3.0 -3.0 3.0 8.0 0.0 4.0 2.0 -10.0 -10.0 -12.0 16.0 2.0 27.0 -17.0 51.0 -37.0 -25.0 -21.0 -26.0 2.0 186.0 -117.0 -128.0 -237.0 186.0 -15.0 -1440.0 -4028.0 -97770.0 0.0 38372.0 3251.0 -2450.0 1431.0 642.0 -234.0 57.0 -256.0 40.0 -103.0 36.0 -1.0 -35.0 40.0 22.0 30.0 -5.0 9.0 -16.0 -6.0 14.0 -13.0 3.0 -1.0 10.0 -10.0
-9.0 2.0 5.0 3.0 8.0 2.0 -4.0 -7.0 -3.0 -2.0 0.0 -4.0 2.0 3.0 0.0 1.0 5.0 -1.0 -4.0 0.0 1.0 2.0 -1.0 -4.0 -1.0 -1.0 1.0 3.0 -1.0 1.0 -1.0 -1.0 1.0 4.0 -2.0 -3.0 2.0 -1.0 0.0 -6.0 0.0 -1.0 -5.0 6.0 4.0 2.0 5.0 0.0 0.0 6.0 4.0 11.0 7.0 -11.0 0.0 -3.0 -10.0 -29.0 -13.0 -26.0 18.0 -4.0 61.0 -18.0 46.0 98.0 -64.0 -182.0 -153.0 -685.0 281.0 -1722.0 -4840.0 38372.0 0.0 -21569.0 -969.0 -372.0 -2256.0 -1085.0 -267.0 -68.0 -96.0 -84.0 -205.0 10.0 -47.0 -11.0 -9.0 0.0 3.0 -16.0 -2.0 20.0 6.0 8.0 -3.0 1.0 -3.0 -4.0
-1.0 7.0 -3.0 -2.0 -3.0 3.0 2.0 3.0 -1.0 0.0 -2.0 1.0 2.0 -4.0 -2.0 -4.0 -2.0 -3.0 1.0 -2.0 -1.0 0.0 -1.0 1.0 1.0 -1.0 -3.0 1.0 1.0 -4.0 0.0 0.0 -1.0 -1.0 -4.0 -2.0 -1.0 5.0 -3.0 7.0 4.0 0.0 9.0 10.0 -3.0 9.0 -10.0 -3.0 6.0 3.0 -2.0 -8.0 -12.0 7.0 -8.0 11.0 25.0 -6.0 39.0 29.0 -34.0 14.0 4.0 -5.0 49.0 21.0 4.0 -4.0 317.0 -465.0 451.0 -1030.0 -1460.0 3251.0 -21569.0 0.0 -65237.0 5087.0 2073.0 -881.0 1101.0 515.0 114.0 -130.0 -55.0 74.0 -13.0 14.0 -5.0 25.0 -10.0 12.0 18.0 -26.0 -4.0 -11.0 4.0 -12.0 -3.0 9.0
2.0 0.0 3.0 -4.0 -11.0 1.0 6.0 2.0 0.0 -4.0 3.0 -3.0 1.0 0.0 -2.0 -2.0 -3.0 3.0 1.0 5.0 0.0 -6.0 -4.0 3.0 1.0 0.0 -1.0 1.0 3.0 1.0 2.0 1.0 1.0 0.0 -1.0 -1.0 -2.0 -3.0 2.0 0.0 2.0 -2.0 4.0 2.0 1.0 -5.0 1.0 -2.0 -1.0 -2.0 0.0 -3.0 -3.0 9.0 -8.0 -5.0 -12.0 1.0 11.0 21.0 -20.0 -28.0 25.0 -3.0 15.0 26.0 21.0 -177.0 -157.0 199.0 -65.0 407.0 688.0 -2450.0 -969.0 -65237.0 0.0 -148415.0 -5114.0 2805.0 861.0 -557.0 -246.0 -17.0 -120.0 45.0 -93.0 -2.0 42.0 20.0 -14.0 14.0 46.0 17.0 5.0 19.0 -8.0 1.0 23.0 -2.0
-6.0 -6.0 3.0 -1.0 -3.0 -2.0 -5.0 -2.0 7.0 4.0 -5.0 4.0 -2.0 -4.0 2.0 0.0 4.0 -3.0 -2.0 3.0 1.0 2.0 3.0 -2.0 0.0 -4.0 -3.0 5.0 -3.0 -1.0 -2.0 2.0 2.0 -1.0 3.0 -3.0 0.0 0.0 0.0 4.0 -1.0 0.0 8.0 3.0 3.0 -5.0 2.0 5.0 -3.0 -5.0 4.0 -2.0 0.0 -2.0 -1.0 -7.0 2.0 -5.0 -9.0 15.0 -8.0 -6.0 16.0 30.0 48.0 33.0 -33.0 95.0 -48.0 140.0 70.0 -600.0 -1194.0 1431.0 -372.0 5087.0 -148415.0 0.0 7082.0 -1288.0 1105.0 -2535.0 406.0 -311.0 -217.0 66.0 30.0 -134.0 -16.0 37.0 11.0 -43.0 47.0 7.0 40.0 21.0 10.0 -9.0 7.0 -9.0
-13.0 3.0 1.0 -5.0 -7.0 11.0 -4.0 11.0 1.0 1.0 6.0 -3.0 5.0 -3.0 2.0 1.0 -4.0 0.0 4.0 1.0 0.0 -4.0 -1.0 0.0 -1.0 -2.0 0.0 -4.0 -4.0 -2.0 -3.0 -3.0 -1.0 -3.0 -1.0 0.0 -1.0 1.0 -2.0 -4.0 4.0 2.0 -3.0 -1.0 1.0 0.0 -5.0 0.0 2.0 -8.0 6.0 -5.0 -2.0 4.0 2.0 18.0 3.0 -4.0 0.0 11.0 -5.0 -4.0 -26.0 10.0 -74.0 19.0 34.0 -54.0 29.0 -128.0 -4.0 -369.0 98.0 642.0 -2256.0 2073.0 -5114.0 7082.0 0.0 -37795.0 1614.0 -2143.0 -79.0 -982.0 146.0 22.0 291.0 -204.0 -68.0 -67.0 0.0 37.0 -62.0 -14.0 -27.0 56.0 10.0 -12.0 21.0 5.0
